L	3.122427e-01	5.803398e-01	1477010443000000	6.000000e-01	6.000000e-01	5.199937e+00	0	0	6.911322e-03
R	1.014892e+00	5.543292e-01	4.892807e+00	1477010443050000	8.599968e-01	6.000449e-01	5.199747e+00	1.796856e-03	3.455661e-04	1.382155e-02
L	1.173848e+00	4.810729e-01	1477010443100000	1.119984e+00	6.002246e-01	5.199429e+00	5.389957e-03	1.036644e-03	2.072960e-02
R	1.047505e+00	3.892401e-01	4.511325e+00	1477010443150000	1.379955e+00	6.006288e-01	5.198979e+00	1.077814e-02	2.073124e-03	2.763437e-02
L	1.650626e+00	6.246904e-01	1477010443200000	1.639904e+00	6.013473e-01	5.198392e+00	1.795970e-02	3.454842e-03	3.453479e-02
R	1.698300e+00	2.982801e-01	5.209986e+00	1477010443250000	1.899823e+00	6.024697e-01	5.197661e+00	2.693234e-02	5.181582e-03	4.142974e-02
L	2.188824e+00	6.487392e-01	1477010443300000	2.159704e+00	6.040855e-01	5.196776e+00	3.769324e-02	7.253069e-03	4.831816e-02
R	2.044382e+00	2.760018e-01	5.043867e+00	1477010443350000	2.419540e+00	6.062840e-01	5.195728e+00	5.023894e-02	9.668977e-03	5.519894e-02
L	2.655256e+00	6.659798e-01	1477010443400000	2.679323e+00	6.091545e-01	5.194504e+00	6.456542e-02	1.242892e-02	6.207101e-02
R	2.990916e+00	2.176679e-01	5.191807e+00	1477010443450000	2.939043e+00	6.127858e-01	5.193090e+00	8.066803e-02	1.553247e-02	6.893328e-02
L	3.012223e+00	6.370455e-01	1477010443500000	3.198690e+00	6.172666e-01	5.191470e+00	9.854147e-02	1.897914e-02	7.578466e-02
R	3.593878e+00	1.354522e-01	5.161753e+00	1477010443550000	3.458253e+00	6.226855e-01	5.189627e+00	1.181798e-01	2.276837e-02	8.262407e-02
L	3.893650e+00	3.117930e-01	1477010443600000	3.717722e+00	6.291305e-01	5.187542e+00	1.395764e-01	2.689958e-02	8.945044e-02
R	4.255547e+00	1.648397e-01	5.433327e+00	1477010443650000	3.977082e+00	6.366893e-01	5.185194e+00	1.627238e-01	3.137210e-02	9.626268e-02
L	4.309346e+00	5.785637e-01	1477010443700000	4.236322e+00	6.454494e-01	5.182560e+00	1.876140e-01	3.618523e-02	1.030597e-01
R	4.670263e+00	1.481801e-01	5.120847e+00	1477010443750000	4.495424e+00	6.554977e-01	5.179618e+00	2.142382e-01	4.133822e-02	1.098405e-01
L	4.351431e+00	8.991741e-01	1477010443800000	4.754374e+00	6.669207e-01	5.176340e+00	2.425866e-01	4.683024e-02	1.166039e-01
R	5.251417e+00	1.271635e-01	4.825914e+00	1477010443850000	5.013155e+00	6.798044e-01	5.172700e+00	2.726487e-01	5.266044e-02	1.233489e-01
L	5.518935e+00	6.482327e-01	1477010443900000	5.271746e+00	6.942343e-01	5.168671e+00	3.044132e-01	5.882788e-02	1.300744e-01
R	5.267293e+00	1.216834e-01	5.423506e+00	1477010443950000	5.530128e+00	7.102953e-01	5.164221e+00	3.378677e-01	6.533161e-02	1.367794e-01
L	6.022003e+00	7.086193e-01	1477010444000000	5.788279e+00	7.280715e-01	5.159319e+00	3.729989e-01	7.217058e-02	1.434628e-01
R	5.905749e+00	6.329996e-02	4.879680e+00	1477010444050000	6.046176e+00	7.476465e-01	5.153933e+00	4.097925e-01	7.934372e-02	1.501236e-01
L	6.342486e+00	9.488326e-01	1477010444100000	6.303794e+00	7.691030e-01	5.148029e+00	4.482333e-01	8.684990e-02	1.567606e-01
R	6.673922e+00	1.256145e-01	5.006870e+00	1477010444150000	6.561105e+00	7.925232e-01	5.141571e+00	4.883049e-01	9.468793e-02	1.633729e-01
L	6.782143e+00	7.140359e-01	1477010444200000	6.818081e+00	8.179882e-01	5.134523e+00	5.299897e-01	1.028566e-01	1.699593e-01
R	7.318441e+00	8.629228e-02	4.649107e+00	1477010444250000	7.074691e+00	8.455782e-01	5.126847e+00	5.732691e-01	1.113545e-01	1.765190e-01
L	7.137350e+00	9.572165e-01	1477010444300000	7.330903e+00	8.753725e-01	5.118505e+00	6.181232e-01	1.201805e-01	1.830507e-01
R	8.124935e+00	1.010471e-01	5.464240e+00	1477010444350000	7.586684e+00	9.074494e-01	5.109456e+00	6.645307e-01	1.293330e-01	1.895536e-01
L	7.805334e+00	7.191261e-01	1477010444400000	7.841995e+00	9.418861e-01	5.099659e+00	7.124693e-01	1.388107e-01	1.960265e-01
R	8.450951e+00	1.048616e-01	4.750535e+00	1477010444450000	8.096800e+00	9.787585e-01	5.089074e+00	7.619151e-01	1.486120e-01	2.024685e-01
L	8.247959e+00	8.403219e-01	1477010444500000	8.351056e+00	1.018142e+00	5.077658e+00	8.128429e-01	1.587355e-01	2.088785e-01
R	8.575491e+00	1.653115e-01	5.580596e+00	1477010444550000	8.604722e+00	1.060109e+00	5.065366e+00	8.652261e-01	1.691794e-01	2.152555e-01
L	8.746145e+00	1.048576e+00	1477010444600000	8.857753e+00	1.104732e+00	5.052156e+00	9.190366e-01	1.799422e-01	2.215985e-01
R	9.946663e+00	1.150557e-01	5.240801e+00	1477010444650000	9.110101e+00	1.152082e+00	5.037982e+00	9.742446e-01	1.910221e-01	2.279066e-01
L	9.255788e+00	1.049129e+00	1477010444700000	9.361717e+00	1.202229e+00	5.022799e+00	1.030819e+00	2.024174e-01	2.341786e-01
R	1.021600e+01	1.498099e-01	5.311647e+00	1477010444750000	9.612549e+00	1.255239e+00	5.006562e+00	1.088727e+00	2.141263e-01	2.404137e-01
L	1.004839e+01	1.445978e+00	1477010444800000	9.862544e+00	1.311179e+00	4.989224e+00	1.147935e+00	2.261470e-01	2.466108e-01
R	1.067808e+01	1.623090e-01	4.806610e+00	1477010444850000	1.011165e+01	1.370112e+00	4.970739e+00	1.208405e+00	2.384776e-01	2.527689e-01
L	1.024922e+01	1.459068e+00	1477010444900000	1.035979e+01	1.432101e+00	4.951060e+00	1.270101e+00	2.511160e-01	2.588872e-01
R	1.104064e+01	1.549056e-01	4.564011e+00	1477010444950000	1.060693e+01	1.497206e+00	4.930142e+00	1.332982e+00	2.640604e-01	2.649645e-01
L	1.073126e+01	1.452653e+00	1477010445000000	1.085299e+01	1.565486e+00	4.907936e+00	1.397008e+00	2.773086e-01	2.710000e-01
R	1.156684e+01	1.238384e-01	5.142052e+00	1477010445050000	1.109790e+01	1.636997e+00	4.884396e+00	1.462135e+00	2.908586e-01	2.769928e-01
L	1.158696e+01	1.614624e+00	1477010445100000	1.134161e+01	1.711793e+00	4.859477e+00	1.528318e+00	3.047082e-01	2.829417e-01
R	1.157909e+01	1.333215e-01	4.869483e+00	1477010445150000	1.158403e+01	1.789925e+00	4.833131e+00	1.595511e+00	3.188553e-01	2.888460e-01
L	1.177877e+01	1.745907e+00	1477010445200000	1.182511e+01	1.871443e+00	4.805313e+00	1.663664e+00	3.332976e-01	2.947047e-01
R	1.232484e+01	1.752895e-01	5.277554e+00	1477010445250000	1.206475e+01	1.956393e+00	4.775977e+00	1.732729e+00	3.480329e-01	3.005169e-01
L	1.232259e+01	1.783533e+00	1477010445300000	1.230289e+01	2.044820e+00	4.745079e+00	1.802651e+00	3.630587e-01	3.062816e-01
R	1.267093e+01	1.407283e-01	5.316736e+00	1477010445350000	1.253944e+01	2.136766e+00	4.712575e+00	1.873377e+00	3.783728e-01	3.119979e-01
L	1.259241e+01	2.175092e+00	1477010445400000	1.277433e+01	2.232269e+00	4.678422e+00	1.944850e+00	3.939727e-01	3.176650e-01
R	1.348558e+01	1.988829e-01	5.446424e+00	1477010445450000	1.300747e+01	2.331365e+00	4.642576e+00	2.017013e+00	4.098559e-01	3.232819e-01
L	1.308745e+01	2.407081e+00	1477010445500000	1.323878e+01	2.434087e+00	4.604997e+00	2.089806e+00	4.260200e-01	3.288477e-01
R	1.308715e+01	2.410651e-01	4.512749e+00	1477010445550000	1.346816e+01	2.540465e+00	4.565645e+00	2.163167e+00	4.424624e-01	3.343617e-01
L	1.383597e+01	2.624793e+00	1477010445600000	1.369552e+01	2.650527e+00	4.524480e+00	2.237032e+00	4.591805e-01	3.398228e-01
R	1.409883e+01	1.955096e-01	4.806121e+00	1477010445650000	1.392079e+01	2.764295e+00	4.481466e+00	2.311336e+00	4.761716e-01	3.452302e-01
L	1.421055e+01	2.942051e+00	1477010445700000	1.414385e+01	2.881790e+00	4.436565e+00	2.386012e+00	4.934331e-01	3.505832e-01
R	1.483710e+01	1.946756e-01	5.233370e+00	1477010445750000	1.436462e+01	3.003029e+00	4.389744e+00	2.460991e+00	5.109623e-01	3.558808e-01
L	1.446161e+01	2.907340e+00	1477010445800000	1.458300e+01	3.128024e+00	4.340970e+00	2.536202e+00	5.287563e-01	3.611222e-01
R	1.520044e+01	2.635874e-01	5.157074e+00	1477010445850000	1.479890e+01	3.256787e+00	4.290211e+00	2.611572e+00	5.468125e-01	3.663065e-01
L	1.502608e+01	3.506701e+00	1477010445900000	1.501220e+01	3.389323e+00	4.237439e+00	2.687028e+00	5.651278e-01	3.714330e-01
R	1.591832e+01	2.635980e-01	4.665886e+00	1477010445950000	1.522281e+01	3.525634e+00	4.182627e+00	2.762494e+00	5.836994e-01	3.765009e-01
L	1.552355e+01	3.829364e+00	1477010446000000	1.543063e+01	3.665719e+00	4.125748e+00	2.837893e+00	6.025245e-01	3.815093e-01
R	1.608904e+01	2.135971e-01	4.785617e+00	1477010446050000	1.563555e+01	3.809572e+00	4.066782e+00	2.913146e+00	6.215999e-01	3.864575e-01
L	1.597744e+01	4.000940e+00	1477010446100000	1.583747e+01	3.957185e+00	4.005707e+00	2.988174e+00	6.409228e-01	3.913446e-01
R	1.687285e+01	2.525647e-01	4.409944e+00	1477010446150000	1.603628e+01	4.108544e+00	3.942506e+00	3.062895e+00	6.604901e-01	3.961700e-01
L	1.633127e+01	4.444992e+00	1477010446200000	1.623188e+01	4.263631e+00	3.877162e+00	3.137226e+00	6.802985e-01	4.009327e-01
R	1.734772e+01	2.613451e-01	4.725413e+00	1477010446250000	1.642415e+01	4.422425e+00	3.809664e+00	3.211085e+00	7.003452e-01	4.056322e-01
L	1.660391e+01	4.673437e+00	1477010446300000	1.661299e+01	4.584899e+00	3.740002e+00	3.284385e+00	7.206268e-01	4.102676e-01
R	1.767566e+01	2.927638e-01	3.910063e+00	1477010446350000	1.679829e+01	4.751025e+00	3.668167e+00	3.357042e+00	7.411402e-01	4.148383e-01
L	1.699546e+01	5.210994e+00	1477010446400000	1.697995e+01	4.920767e+00	3.594156e+00	3.428969e+00	7.618821e-01	4.193434e-01
R	1.795369e+01	2.617692e-01	4.232321e+00	1477010446450000	1.715785e+01	5.094087e+00	3.517967e+00	3.500079e+00	7.828493e-01	4.237823e-01
L	1.728942e+01	5.435416e+00	1477010446500000	1.733188e+01	5.270941e+00	3.439602e+00	3.570283e+00	8.040384e-01	4.281543e-01
R	1.827333e+01	2.627336e-01	4.059723e+00	1477010446550000	1.750193e+01	5.451283e+00	3.359066e+00	3.639494e+00	8.254461e-01	4.324586e-01
L	1.778529e+01	5.624759e+00	1477010446600000	1.766791e+01	5.635059e+00	3.276367e+00	3.707622e+00	8.470690e-01	4.366947e-01
R	1.892217e+01	3.266452e-01	3.862134e+00	1477010446650000	1.782969e+01	5.822214e+00	3.191515e+00	3.774579e+00	8.689038e-01	4.408618e-01
L	1.812629e+01	6.169846e+00	1477010446700000	1.798717e+01	6.012686e+00	3.104526e+00	3.840274e+00	8.909468e-01	4.449593e-01
R	1.935474e+01	3.584596e-01	4.079367e+00	1477010446750000	1.814025e+01	6.206410e+00	3.015416e+00	3.904620e+00	9.131948e-01	4.489866e-01
L	1.821643e+01	6.661379e+00	1477010446800000	1.828881e+01	6.403317e+00	2.924208e+00	3.967526e+00	9.356441e-01	4.529429e-01
R	1.969657e+01	3.645454e-01	3.876283e+00	1477010446850000	1.843277e+01	6.603332e+00	2.830926e+00	4.028904e+00	9.582913e-01	4.568277e-01
L	1.854218e+01	6.760131e+00	1477010446900000	1.857200e+01	6.806376e+00	2.735598e+00	4.088665e+00	9.811327e-01	4.606404e-01
R	2.015562e+01	3.676220e-01	4.112032e+00	1477010446950000	1.870641e+01	7.012367e+00	2.638255e+00	4.146722e+00	1.004165e+00	4.643804e-01
L	1.914412e+01	7.183445e+00	1477010447000000	1.883591e+01	7.221216e+00	2.538932e+00	4.202987e+00	1.027384e+00	4.680470e-01
R	1.997008e+01	3.796707e-01	3.505830e+00	1477010447050000	1.896038e+01	7.432831e+00	2.437668e+00	4.257374e+00	1.050786e+00	4.716397e-01
L	1.901375e+01	7.868800e+00	1477010447100000	1.907975e+01	7.647117e+00	2.334504e+00	4.309797e+00	1.074368e+00	4.751579e-01
R	2.077788e+01	3.782804e-01	3.786478e+00	1477010447150000	1.919390e+01	7.863973e+00	2.229486e+00	4.360172e+00	1.098126e+00	4.786011e-01
L	1.913202e+01	8.128449e+00	1477010447200000	1.930276e+01	8.083295e+00	2.122663e+00	4.408416e+00	1.122056e+00	4.819687e-01
R	2.070483e+01	4.057276e-01	3.775144e+00	1477010447250000	1.940622e+01	8.304973e+00	2.014087e+00	4.454448e+00	1.146154e+00	4.852602e-01
L	1.934701e+01	8.307412e+00	1477010447300000	1.950422e+01	8.528895e+00	1.903813e+00	4.498188e+00	1.170417e+00	4.884750e-01
R	2.138561e+01	4.015779e-01	3.382438e+00	1477010447350000	1.959665e+01	8.754945e+00	1.791900e+00	4.539558e+00	1.194841e+00	4.916128e-01
L	2.000388e+01	8.890601e+00	1477010447400000	1.968345e+01	8.983001e+00	1.678411e+00	4.578481e+00	1.219422e+00	4.946729e-01
R	2.178059e+01	4.506521e-01	3.223975e+00	1477010447450000	1.976453e+01	9.212939e+00	1.563411e+00	4.614883e+00	1.244155e+00	4.976549e-01
L	2.015738e+01	9.459486e+00	1477010447500000	1.983982e+01	9.444632e+00	1.446969e+00	4.648694e+00	1.269038e+00	5.005583e-01
R	2.191286e+01	4.619306e-01	2.967071e+00	1477010447550000	1.990925e+01	9.677948e+00	1.329157e+00	4.679842e+00	1.294066e+00	5.033826e-01
L	2.015731e+01	9.908763e+00	1477010447600000	1.997276e+01	9.912751e+00	1.210049e+00	4.708261e+00	1.319235e+00	5.061275e-01
R	2.239827e+01	5.417454e-01	3.372820e+00	1477010447650000	2.003028e+01	1.014890e+01	1.089723e+00	4.733887e+00	1.344542e+00	5.087925e-01
L	2.016601e+01	1.046872e+01	1477010447700000	2.008175e+01	1.038627e+01	9.682592e-01	4.756658e+00	1.369981e+00	5.113771e-01
R	2.244786e+01	5.020776e-01	2.776926e+00	1477010447750000	2.012711e+01	1.062469e+01	8.457419e-01	4.776515e+00	1.395550e+00	5.138809e-01
L	2.037105e+01	1.101086e+01	1477010447800000	2.016633e+01	1.086404e+01	7.222565e-01	4.793403e+00	1.421244e+00	5.163036e-01
R	2.302042e+01	5.657554e-01	3.018032e+00	1477010447850000	2.019934e+01	1.110414e+01	5.978916e-01	4.807270e+00	1.447059e+00	5.186448e-01
L	2.031642e+01	1.134834e+01	1477010447900000	2.022612e+01	1.134487e+01	4.727380e-01	4.818065e+00	1.472992e+00	5.209041e-01
R	2.277598e+01	5.674550e-01	2.088345e+00	1477010447950000	2.024661e+01	1.158605e+01	3.468889e-01	4.825745e+00	1.499037e+00	5.230811e-01
L	2.061409e+01	1.194215e+01	1477010448000000	2.026080e+01	1.182754e+01	2.204395e-01	4.830266e+00	1.525191e+00	5.251755e-01
R	2.327857e+01	5.400205e-01	3.009403e+00	1477010448050000	2.026865e+01	1.206917e+01	9.348704e-02	4.831590e+00	1.551450e+00	5.271870e-01
L	2.032628e+01	1.249663e+01	1477010448100000	2.027014e+01	1.231078e+01	-3.386937e-02	4.829682e+00	1.577809e+00	5.291152e-01
R	2.359188e+01	5.575289e-01	1.964596e+00	1477010448150000	2.026525e+01	1.255222e+01	-1.615290e-01	4.824512e+00	1.604265e+00	5.309599e-01
L	2.049803e+01	1.289237e+01	1477010448200000	2.025398e+01	1.279331e+01	-2.893896e-01	4.816052e+00	1.630813e+00	5.327207e-01
R	2.424129e+01	5.300348e-01	2.162649e+00	1477010448250000	2.023630e+01	1.303389e+01	-4.173476e-01	4.804279e+00	1.657449e+00	5.343975e-01
L	2.019430e+01	1.316879e+01	1477010448300000	2.021223e+01	1.327379e+01	-5.452981e-01	4.789175e+00	1.684169e+00	5.359898e-01
R	2.402551e+01	5.978702e-01	2.138422e+00	1477010448350000	2.018176e+01	1.351286e+01	-6.731354e-01	4.770724e+00	1.710968e+00	5.374975e-01
L	2.032453e+01	1.388963e+01	1477010448400000	2.014490e+01	1.375091e+01	-8.007527e-01	4.748916e+00	1.737843e+00	5.389203e-01
R	2.442838e+01	5.870345e-01	1.748815e+00	1477010448450000	2.010167e+01	1.398779e+01	-9.280429e-01	4.723745e+00	1.764789e+00	5.402580e-01
L	2.012156e+01	1.433704e+01	1477010448500000	2.005208e+01	1.422332e+01	-1.054898e+00	4.695207e+00	1.791802e+00	5.415104e-01
R	2.438126e+01	6.320180e-01	1.730798e+00	1477010448550000	1.999617e+01	1.445734e+01	-1.181210e+00	4.663306e+00	1.818877e+00	5.426773e-01
L	1.978097e+01	1.477296e+01	1477010448600000	1.993395e+01	1.468968e+01	-1.306871e+00	4.628048e+00	1.846011e+00	5.437585e-01
R	2.451675e+01	6.085898e-01	1.712830e+00	1477010448650000	1.986547e+01	1.492016e+01	-1.431773e+00	4.589443e+00	1.873199e+00	5.447538e-01
L	2.002083e+01	1.520530e+01	1477010448700000	1.979076e+01	1.514863e+01	-1.555808e+00	4.547507e+00	1.900437e+00	5.456631e-01
R	2.522058e+01	6.540478e-01	4.803339e-01	1477010448750000	1.970988e+01	1.537492e+01	-1.678869e+00	4.502259e+00	1.927720e+00	5.464862e-01
L	1.991309e+01	1.555404e+01	1477010448800000	1.962287e+01	1.559886e+01	-1.800848e+00	4.453722e+00	1.955044e+00	5.472231e-01
R	2.500306e+01	6.477343e-01	1.139959e+00	1477010448850000	1.952980e+01	1.582028e+01	-1.921641e+00	4.401925e+00	1.982406e+00	5.478735e-01
L	1.947484e+01	1.600982e+01	1477010448900000	1.943071e+01	1.603904e+01	-2.041143e+00	4.346899e+00	2.009799e+00	5.484374e-01
R	2.496016e+01	6.959447e-01	1.211753e+00	1477010448950000	1.932569e+01	1.625495e+01	-2.159249e+00	4.288681e+00	2.037221e+00	5.489147e-01
L	1.923803e+01	1.627185e+01	1477010449000000	1.921480e+01	1.646788e+01	-2.275858e+00	4.227312e+00	2.064667e+00	5.493053e-01
R	2.533677e+01	6.986472e-01	7.226981e-01	1477010449050000	1.909812e+01	1.667766e+01	-2.390870e+00	4.162835e+00	2.092132e+00	5.496092e-01
L	1.900294e+01	1.683874e+01	1477010449100000	1.897573e+01	1.688413e+01	-2.504184e+00	4.095300e+00	2.119613e+00	5.498263e-01
R	2.585594e+01	7.545977e-01	-6.123462e-02	1477010449150000	1.884772e+01	1.708715e+01	-2.615706e+00	4.024759e+00	2.147104e+00	5.499566e-01
L	1.861478e+01	1.738315e+01	1477010449200000	1.871418e+01	1.728656e+01	-2.725339e+00	3.951269e+00	2.174602e+00	5.500000e-01
R	2.538069e+01	7.356163e-01	1.063818e+00	1477010449250000	1.857522e+01	1.748223e+01	-2.832993e+00	3.874888e+00	2.202102e+00	5.499566e-01
L	1.810226e+01	1.755294e+01	1477010449300000	1.843092e+01	1.767400e+01	-2.938575e+00	3.795682e+00	2.229599e+00	5.498263e-01
R	2.529413e+01	7.633908e-01	6.723325e-01	1477010449350000	1.828140e+01	1.786174e+01	-3.042000e+00	3.713717e+00	2.257091e+00	5.496092e-01
L	1.820938e+01	1.804608e+01	1477010449400000	1.812677e+01	1.804531e+01	-3.143182e+00	3.629063e+00	2.284571e+00	5.493053e-01
R	2.532084e+01	7.629420e-01	-9.287384e-02	1477010449450000	1.796714e+01	1.822458e+01	-3.242040e+00	3.541796e+00	2.312037e+00	5.489147e-01
L	1.790175e+01	1.821826e+01	1477010449500000	1.780263e+01	1.839943e+01	-3.338496e+00	3.451991e+00	2.339482e+00	5.484374e-01
R	2.616239e+01	7.659556e-01	1.522890e-01	1477010449550000	1.763336e+01	1.856972e+01	-3.432473e+00	3.359728e+00	2.366904e+00	5.478735e-01
L	1.738450e+01	1.870391e+01	1477010449600000	1.745946e+01	1.873533e+01	-3.523900e+00	3.265092e+00	2.394298e+00	5.472231e-01
R	2.536798e+01	7.933577e-01	-2.534287e-01	1477010449650000	1.728105e+01	1.889616e+01	-3.612708e+00	3.168166e+00	2.421659e+00	5.464862e-01
L	1.717620e+01	1.888634e+01	1477010449700000	1.709827e+01	1.905208e+01	-3.698831e+00	3.069040e+00	2.448983e+00	5.456631e-01
R	2.600527e+01	8.613676e-01	-1.640649e-01	1477010449750000	1.691126e+01	1.920299e+01	-3.782209e+00	2.967804e+00	2.476266e+00	5.447538e-01
L	1.657341e+01	1.905196e+01	1477010449800000	1.672015e+01	1.934878e+01	-3.862783e+00	2.864551e+00	2.503504e+00	5.437585e-01
R	2.588898e+01	8.963169e-01	-5.303225e-01	1477010449850000	1.652509e+01	1.948937e+01	-3.940499e+00	2.759375e+00	2.530692e+00	5.426773e-01
L	1.623383e+01	1.961705e+01	1477010449900000	1.632622e+01	1.962465e+01	-4.015308e+00	2.652373e+00	2.557826e+00	5.415104e-01
R	2.457864e+01	8.382907e-01	-8.677002e-01	1477010449950000	1.612368e+01	1.975453e+01	-4.087163e+00	2.543645e+00	2.584901e+00	5.402580e-01
L	1.592426e+01	1.987029e+01	1477010450000000	1.591763e+01	1.987894e+01	-4.156022e+00	2.433288e+00	2.611914e+00	5.389203e-01
R	2.515517e+01	8.693717e-01	-4.224206e-01	1477010450050000	1.570822e+01	1.999779e+01	-4.221847e+00	2.321406e+00	2.638860e+00	5.374975e-01
L	1.543319e+01	2.018360e+01	1477010450100000	1.549559e+01	2.011101e+01	-4.284605e+00	2.208100e+00	2.665735e+00	5.359898e-01
R	2.572646e+01	9.782444e-01	-7.463289e-01	1477010450150000	1.527991e+01	2.021853e+01	-4.344266e+00	2.093474e+00	2.692535e+00	5.343975e-01
L	1.520164e+01	2.043853e+01	1477010450200000	1.506132e+01	2.032029e+01	-4.400804e+00	1.977632e+00	2.719255e+00	5.327207e-01
R	2.481488e+01	9.343931e-01	-1.045395e+00	1477010450250000	1.483999e+01	2.041623e+01	-4.454198e+00	1.860679e+00	2.745891e+00	5.309599e-01
L	1.466649e+01	2.060881e+01	1477010450300000	1.461607e+01	2.050630e+01	-4.504432e+00	1.742721e+00	2.772439e+00	5.291152e-01
R	2.515355e+01	9.881223e-01	-1.296024e+00	1477010450350000	1.438972e+01	2.059044e+01	-4.551492e+00	1.623862e+00	2.798894e+00	5.271870e-01
L	1.405209e+01	2.059237e+01	1477010450400000	1.416110e+01	2.066863e+01	-4.595370e+00	1.504208e+00	2.825254e+00	5.251755e-01
R	2.502362e+01	9.855468e-01	-1.500105e+00	1477010450450000	1.393037e+01	2.074081e+01	-4.636061e+00	1.383865e+00	2.851512e+00	5.230811e-01
L	1.346865e+01	2.072533e+01	1477010450500000	1.369769e+01	2.080697e+01	-4.673567e+00	1.262937e+00	2.877667e+00	5.209041e-01
R	2.466558e+01	9.757481e-01	-2.009127e+00	1477010450550000	1.346322e+01	2.086706e+01	-4.707889e+00	1.141531e+00	2.903712e+00	5.186448e-01
L	1.310723e+01	2.082940e+01	1477010450600000	1.322711e+01	2.092108e+01	-4.739038e+00	1.019748e+00	2.929644e+00	5.163036e-01
R	2.497332e+01	1.010729e+00	-1.834265e+00	1477010450650000	1.298953e+01	2.096901e+01	-4.767024e+00	8.976939e-01	2.955459e+00	5.138809e-01
L	1.287291e+01	2.105917e+01	1477010450700000	1.275063e+01	2.101082e+01	-4.791865e+00	7.754692e-01	2.981153e+00	5.113771e-01
R	2.454255e+01	1.082333e+00	-2.030693e+00	1477010450750000	1.251056e+01	2.104653e+01	-4.813579e+00	6.531754e-01	3.006722e+00	5.087925e-01
L	1.220620e+01	2.111000e+01	1477010450800000	1.226949e+01	2.107612e+01	-4.832191e+00	5.309122e-01	3.032162e+00	5.061275e-01
R	2.447236e+01	1.040121e+00	-2.241985e+00	1477010450850000	1.202757e+01	2.109961e+01	-4.847729e+00	4.087779e-01	3.057468e+00	5.033826e-01
L	1.168143e+01	2.086511e+01	1477010450900000	1.178496e+01	2.111700e+01	-4.860224e+00	2.868691e-01	3.082637e+00	5.005583e-01
R	2.367080e+01	1.062204e+00	-2.414893e+00	1477010450950000	1.154179e+01	2.112830e+01	-4.869711e+00	1.652807e-01	3.107665e+00	4.976549e-01
L	1.136299e+01	2.106885e+01	1477010451000000	1.129823e+01	2.113353e+01	-4.876229e+00	4.410566e-02	3.132548e+00	4.946729e-01
R	2.310852e+01	1.096410e+00	-2.608439e+00	1477010451050000	1.105441e+01	2.113272e+01	-4.879818e+00	-7.656505e-02	3.157282e+00	4.916128e-01
L	1.089027e+01	2.092695e+01	1477010451100000	1.081049e+01	2.112589e+01	-4.880526e+00	-1.966426e-01	3.181862e+00	4.884750e-01
R	2.332606e+01	1.160452e+00	-2.318841e+00	1477010451150000	1.056661e+01	2.111308e+01	-4.878398e+00	-3.160405e-01	3.206286e+00	4.852602e-01
L	1.018897e+01	2.120896e+01	1477010451200000	1.032291e+01	2.109432e+01	-4.873488e+00	-4.346744e-01	3.230549e+00	4.819687e-01
R	2.351575e+01	1.132521e+00	-2.697811e+00	1477010451250000	1.007952e+01	2.106966e+01	-4.865850e+00	-5.524629e-01	3.254647e+00	4.786011e-01
L	9.996342e+00	2.097967e+01	1477010451300000	9.836580e+00	2.103913e+01	-4.855539e+00	-6.693266e-01	3.278577e+00	4.751579e-01
R	2.310199e+01	1.152590e+00	-2.349513e+00	1477010451350000	9.594224e+00	2.100278e+01	-4.842616e+00	-7.851892e-01	3.302335e+00	4.716397e-01
L	9.539206e+00	2.087620e+01	1477010451400000	9.352578e+00	2.096067e+01	-4.827144e+00	-8.999770e-01	3.325917e+00	4.680470e-01
R	2.307927e+01	1.140184e+00	-2.849064e+00	1477010451450000	9.111770e+00	2.091285e+01	-4.809186e+00	-1.013619e+00	3.349320e+00	4.643804e-01
L	8.703310e+00	2.082208e+01	1477010451500000	8.871920e+00	2.085938e+01	-4.788810e+00	-1.126048e+00	3.372539e+00	4.606404e-01
R	2.230044e+01	1.113492e+00	-2.997998e+00	1477010451550000	8.633149e+00	2.080033e+01	-4.766084e+00	-1.237197e+00	3.395571e+00	4.568277e-01
L	8.222766e+00	2.048388e+01	1477010451600000	8.395572e+00	2.073575e+01	-4.741079e+00	-1.347006e+00	3.418412e+00	4.529429e-01
R	2.211313e+01	1.186202e+00	-3.204172e+00	1477010451650000	8.159301e+00	2.066572e+01	-4.713869e+00	-1.455416e+00	3.441059e+00	4.489866e-01
L	7.885988e+00	2.044999e+01	1477010451700000	7.924445e+00	2.059031e+01	-4.684526e+00	-1.562369e+00	3.463509e+00	4.449593e-01
R	2.225826e+01	1.189114e+00	-3.512450e+00	1477010451750000	7.691106e+00	2.050959e+01	-4.653129e+00	-1.667815e+00	3.485756e+00	4.408618e-01
L	7.180292e+00	2.039198e+01	1477010451800000	7.459388e+00	2.042365e+01	-4.619752e+00	-1.771702e+00	3.507800e+00	4.366947e-01
R	2.133300e+01	1.231897e+00	-3.325800e+00	1477010451850000	7.229386e+00	2.033255e+01	-4.584476e+00	-1.873985e+00	3.529634e+00	4.324586e-01
L	6.815424e+00	2.018591e+01	1477010451900000	7.001193e+00	2.023638e+01	-4.547379e+00	-1.974620e+00	3.551257e+00	4.281543e-01
R	2.129997e+01	1.241219e+00	-3.358831e+00	1477010451950000	6.774898e+00	2.013522e+01	-4.508543e+00	-2.073567e+00	3.572665e+00	4.237823e-01
L	6.389140e+00	2.001365e+01	1477010452000000	6.550586e+00	2.002916e+01	-4.468049e+00	-2.170789e+00	3.593854e+00	4.193434e-01
R	2.128819e+01	1.251795e+00	-3.501646e+00	1477010452050000	6.328338e+00	1.991829e+01	-4.425978e+00	-2.266252e+00	3.614821e+00	4.148383e-01
L	5.861189e+00	1.983060e+01	1477010452100000	6.108230e+00	1.980269e+01	-4.382413e+00	-2.359926e+00	3.635563e+00	4.102676e-01
R	2.020617e+01	1.306330e+00	-3.869102e+00	1477010452150000	5.890335e+00	1.968245e+01	-4.337438e+00	-2.451782e+00	3.656077e+00	4.056322e-01
L	5.690891e+00	1.957551e+01	1477010452200000	5.674721e+00	1.955767e+01	-4.291136e+00	-2.541796e+00	3.676358e+00	4.009327e-01
R	1.989660e+01	1.267072e+00	-3.803051e+00	1477010452250000	5.461452e+00	1.942844e+01	-4.243590e+00	-2.629947e+00	3.696405e+00	3.961700e-01
L	5.170214e+00	1.943968e+01	1477010452300000	5.250589e+00	1.929485e+01	-4.194883e+00	-2.716216e+00	3.716213e+00	3.913446e-01
R	2.017503e+01	1.275367e+00	-3.512530e+00	1477010452350000	5.042187e+00	1.915700e+01	-4.145100e+00	-2.800587e+00	3.735781e+00	3.864575e-01
L	4.891493e+00	1.898201e+01	1477010452400000	4.836298e+00	1.901497e+01	-4.094322e+00	-2.883047e+00	3.755103e+00	3.815093e-01
R	1.945801e+01	1.364443e+00	-3.990740e+00	1477010452450000	4.632969e+00	1.886888e+01	-4.042634e+00	-2.963587e+00	3.774179e+00	3.765009e-01
L	4.468500e+00	1.883396e+01	1477010452500000	4.432244e+00	1.871880e+01	-3.990117e+00	-3.042199e+00	3.793004e+00	3.714330e-01
R	1.905032e+01	1.321916e+00	-3.639196e+00	1477010452550000	4.234162e+00	1.856485e+01	-3.936854e+00	-3.118879e+00	3.811576e+00	3.663065e-01
L	4.262690e+00	1.848096e+01	1477010452600000	4.038758e+00	1.840711e+01	-3.882925e+00	-3.193624e+00	3.829891e+00	3.611222e-01
R	1.914442e+01	1.390960e+00	-4.535682e+00	1477010452650000	3.846064e+00	1.824569e+01	-3.828411e+00	-3.266436e+00	3.847947e+00	3.558808e-01
L	3.459187e+00	1.816698e+01	1477010452700000	3.656107e+00	1.808067e+01	-3.773392e+00	-3.337317e+00	3.865741e+00	3.505832e-01
R	1.843550e+01	1.335321e+00	-3.744945e+00	1477010452750000	3.468909e+00	1.791216e+01	-3.717946e+00	-3.406272e+00	3.883270e+00	3.452302e-01
L	3.125250e+00	1.774933e+01	1477010452800000	3.284491e+00	1.774025e+01	-3.662152e+00	-3.473310e+00	3.900532e+00	3.398228e-01
R	1.808421e+01	1.423359e+00	-4.420542e+00	1477010452850000	3.102868e+00	1.756504e+01	-3.606085e+00	-3.538439e+00	3.917523e+00	3.343617e-01
L	2.944902e+00	1.781537e+01	1477010452900000	2.924051e+00	1.738662e+01	-3.549823e+00	-3.601673e+00	3.934241e+00	3.288477e-01
R	1.739911e+01	1.381938e+00	-4.601534e+00	1477010452950000	2.748048e+00	1.720508e+01	-3.493438e+00	-3.663024e+00	3.950683e+00	3.232819e-01
L	2.554070e+00	1.708533e+01	1477010453000000	2.574864e+00	1.702053e+01	-3.437004e+00	-3.722509e+00	3.966847e+00	3.176650e-01
R	1.707984e+01	1.420914e+00	-3.824959e+00	1477010453050000	2.404499e+00	1.683304e+01	-3.380593e+00	-3.780145e+00	3.982731e+00	3.119979e-01
L	2.253706e+00	1.683344e+01	1477010453100000	2.236950e+00	1.664273e+01	-3.324275e+00	-3.835952e+00	3.998331e+00	3.062816e-01
R	1.612620e+01	1.472827e+00	-3.954750e+00	1477010453150000	2.072212e+00	1.644966e+01	-3.268118e+00	-3.889950e+00	4.013645e+00	3.005169e-01
L	1.889717e+00	1.610539e+01	1477010453200000	1.910273e+00	1.625395e+01	-3.212192e+00	-3.942161e+00	4.028670e+00	2.947047e-01
R	1.636184e+01	1.464027e+00	-4.003385e+00	1477010453250000	1.751122e+00	1.605566e+01	-3.156560e+00	-3.992610e+00	4.043406e+00	2.888460e-01
L	1.447453e+00	1.608532e+01	1477010453300000	1.594741e+00	1.585490e+01	-3.101288e+00	-4.041322e+00	4.057848e+00	2.829417e-01
R	1.563569e+01	1.467663e+00	-4.662337e+00	1477010453350000	1.441111e+00	1.565174e+01	-3.046439e+00	-4.088322e+00	4.071995e+00	2.769928e-01
L	1.183950e+00	1.542840e+01	1477010453400000	1.290209e+00	1.544628e+01	-2.992073e+00	-4.133638e+00	4.085845e+00	2.710000e-01
R	1.555012e+01	1.517460e+00	-4.273719e+00	1477010453450000	1.142010e+00	1.523859e+01	-2.938250e+00	-4.177299e+00	4.099395e+00	2.649645e-01
L	7.227056e-01	1.500752e+01	1477010453500000	9.964857e-01	1.502876e+01	-2.885028e+00	-4.219333e+00	4.112643e+00	2.588872e-01
R	1.524832e+01	1.503100e+00	-4.044025e+00	1477010453550000	8.536038e-01	1.481686e+01	-2.832463e+00	-4.259770e+00	4.125587e+00	2.527689e-01
L	7.373005e-01	1.470472e+01	1477010453600000	7.133303e-01	1.460299e+01	-2.780610e+00	-4.298641e+00	4.138226e+00	2.466108e-01
R	1.426279e+01	1.520141e+00	-4.698062e+00	1477010453650000	5.756284e-01	1.438720e+01	-2.729522e+00	-4.335977e+00	4.150556e+00	2.404137e-01
L	2.534352e-01	1.420285e+01	1477010453700000	4.404586e-01	1.416959e+01	-2.679249e+00	-4.371810e+00	4.162577e+00	2.341786e-01
R	1.396048e+01	1.573146e+00	-5.032365e+00	1477010453750000	3.077789e-01	1.395022e+01	-2.629841e+00	-4.406172e+00	4.174286e+00	2.279066e-01
L	4.591720e-01	1.368556e+01	1477010453800000	1.775450e-01	1.372916e+01	-2.581347e+00	-4.439094e+00	4.185681e+00	2.215985e-01
R	1.363781e+01	1.566951e+00	-4.990904e+00	1477010453850000	4.970987e-02	1.350650e+01	-2.533811e+00	-4.470610e+00	4.196761e+00	2.152555e-01
L	-1.903443e-01	1.328556e+01	1477010453900000	-7.577534e-02	1.328229e+01	-2.487279e+00	-4.500752e+00	4.207524e+00	2.088785e-01
R	1.314850e+01	1.591716e+00	-4.456250e+00	1477010453950000	-1.989619e-01	1.305661e+01	-2.441793e+00	-4.529552e+00	4.217968e+00	2.024685e-01
L	4.623085e-02	1.293011e+01	1477010454000000	-3.199031e-01	1.282952e+01	-2.397395e+00	-4.557043e+00	4.228091e+00	1.960265e-01
R	1.237530e+01	1.626160e+00	-4.328083e+00	1477010454050000	-4.386543e-01	1.260108e+01	-2.354123e+00	-4.583257e+00	4.237893e+00	1.895536e-01
L	-4.764816e-01	1.236331e+01	1477010454100000	-5.552727e-01	1.237136e+01	-2.312016e+00	-4.608226e+00	4.247370e+00	1.830507e-01
R	1.255839e+01	1.648282e+00	-4.431935e+00	1477010454150000	-6.698175e-01	1.214043e+01	-2.271110e+00	-4.631982e+00	4.256523e+00	1.765190e-01
L	-5.826240e-01	1.203858e+01	1477010454200000	-7.823495e-01	1.190833e+01	-2.231440e+00	-4.654556e+00	4.265349e+00	1.699593e-01
R	1.171827e+01	1.679179e+00	-4.459552e+00	1477010454250000	-8.929313e-01	1.167513e+01	-2.193038e+00	-4.675979e+00	4.273847e+00	1.633729e-01
L	-1.172116e+00	1.139876e+01	1477010454300000	-1.001627e+00	1.144089e+01	-2.155937e+00	-4.696281e+00	4.282015e+00	1.567606e-01
R	1.099519e+01	1.651961e+00	-4.102738e+00	1477010454350000	-1.108503e+00	1.120565e+01	-2.120166e+00	-4.715491e+00	4.289853e+00	1.501236e-01
L	-1.392886e+00	1.104239e+01	1477010454400000	-1.213625e+00	1.096948e+01	-2.085754e+00	-4.733638e+00	4.297360e+00	1.434628e-01
R	1.097832e+01	1.689393e+00	-4.762109e+00	1477010454450000	-1.317063e+00	1.073243e+01	-2.052728e+00	-4.750751e+00	4.304533e+00	1.367794e-01
L	-1.496867e+00	1.041982e+01	1477010454500000	-1.418886e+00	1.049454e+01	-2.021113e+00	-4.766857e+00	4.311372e+00	1.300744e-01
R	1.014701e+01	1.728434e+00	-4.756978e+00	1477010454550000	-1.519166e+00	1.025587e+01	-1.990935e+00	-4.781982e+00	4.317875e+00	1.233489e-01
L	-1.618749e+00	1.023736e+01	1477010454600000	-1.617975e+00	1.001647e+01	-1.962215e+00	-4.796150e+00	4.324043e+00	1.166039e-01
R	1.009269e+01	1.729699e+00	-4.343809e+00	1477010454650000	-1.715386e+00	9.776375e+00	-1.934975e+00	-4.809388e+00	4.329873e+00	1.098405e-01
L	-1.733813e+00	9.713470e+00	1477010454700000	-1.811474e+00	9.535641e+00	-1.909235e+00	-4.821717e+00	4.335365e+00	1.030597e-01
R	9.644570e+00	1.808595e+00	-4.639441e+00	1477010454750000	-1.906314e+00	9.294310e+00	-1.885015e+00	-4.833160e+00	4.340518e+00	9.626268e-02
L	-1.938328e+00	8.770285e+00	1477010454800000	-1.999983e+00	9.052426e+00	-1.862331e+00	-4.843738e+00	4.345331e+00	8.945044e-02
R	9.341877e+00	1.782794e+00	-4.203126e+00	1477010454850000	-2.092558e+00	8.810032e+00	-1.841199e+00	-4.853471e+00	4.349804e+00	8.262407e-02
L	-2.176802e+00	8.541096e+00	1477010454900000	-2.184116e+00	8.567169e+00	-1.821636e+00	-4.862378e+00	4.353935e+00	7.578466e-02
R	8.615254e+00	1.884512e+00	-4.311616e+00	1477010454950000	-2.274737e+00	8.323878e+00	-1.803653e+00	-4.870475e+00	4.357724e+00	6.893328e-02
L	-2.218754e+00	8.153395e+00	1477010455000000	-2.364500e+00	8.080199e+00	-1.787265e+00	-4.877779e+00	4.361171e+00	6.207101e-02
R	8.821033e+00	1.831416e+00	-4.168766e+00	1477010455050000	-2.453484e+00	7.836172e+00	-1.772481e+00	-4.884304e+00	4.364274e+00	5.519894e-02
L	-2.596742e+00	7.602881e+00	1477010455100000	-2.541771e+00	7.591835e+00	-1.759313e+00	-4.890064e+00	4.367034e+00	4.831816e-02
R	8.005974e+00	1.966040e+00	-3.625553e+00	1477010455150000	-2.629442e+00	7.347226e+00	-1.747769e+00	-4.895069e+00	4.369450e+00	4.142974e-02
L	-2.798651e+00	7.064004e+00	1477010455200000	-2.716576e+00	7.102382e+00	-1.737856e+00	-4.899332e+00	4.371522e+00	3.453479e-02
R	7.730775e+00	1.940595e+00	-4.034381e+00	1477010455250000	-2.803258e+00	6.857341e+00	-1.729583e+00	-4.902861e+00	4.373248e+00	2.763437e-02
L	-2.746508e+00	6.868668e+00	1477010455300000	-2.889567e+00	6.612138e+00	-1.722953e+00	-4.905662e+00	4.374630e+00	2.072960e-02
R	6.869147e+00	1.955318e+00	-3.356661e+00	1477010455350000	-2.975588e+00	6.366810e+00	-1.717972e+00	-4.907743e+00	4.375667e+00	1.382155e-02
L	-2.902166e+00	6.229886e+00	1477010455400000	-3.061402e+00	6.121393e+00	-1.714642e+00	-4.909108e+00	4.376358e+00	6.911322e-03
R	7.040540e+00	2.091356e+00	-3.618058e+00	1477010455450000	-3.147091e+00	5.875923e+00	-1.712966e+00	-4.909760e+00	4.376703e+00	-1.768935e-16
L	-3.177805e+00	5.531013e+00	1477010455500000	-3.232740e+00	5.630435e+00	-1.712946e+00	-4.909701e+00	4.376703e+00	-6.911322e-03
R	6.096622e+00	2.122862e+00	-2.991481e+00	1477010455550000	-3.318429e+00	5.384965e+00	-1.714580e+00	-4.908930e+00	4.376358e+00	-1.382155e-02
L	-3.430309e+00	5.105070e+00	1477010455600000	-3.404243e+00	5.139548e+00	-1.717867e+00	-4.907446e+00	4.375667e+00	-2.072960e-02
R	6.018233e+00	2.176838e+00	-3.190968e+00	1477010455650000	-3.490264e+00	4.894220e+00	-1.722807e+00	-4.905246e+00	4.374630e+00	-2.763437e-02
L	-3.694351e+00	4.521963e+00	1477010455700000	-3.576574e+00	4.649018e+00	-1.729394e+00	-4.902326e+00	4.373248e+00	-3.453479e-02
R	5.452309e+00	2.269008e+00	-2.362956e+00	1477010455750000	-3.663255e+00	4.403976e+00	-1.737625e+00	-4.898679e+00	4.371522e+00	-4.142974e-02
L	-4.002383e+00	4.046836e+00	1477010455800000	-3.750390e+00	4.159132e+00	-1.747494e+00	-4.894300e+00	4.369450e+00	-4.831816e-02
R	5.780149e+00	2.350653e+00	-2.409347e+00	1477010455850000	-3.838060e+00	3.914523e+00	-1.758994e+00	-4.889177e+00	4.367034e+00	-5.519894e-02
L	-3.880532e+00	3.751771e+00	1477010455900000	-3.926347e+00	3.670186e+00	-1.772118e+00	-4.883302e+00	4.364274e+00	-6.207101e-02
R	5.751282e+00	2.399056e+00	-1.550200e+00	1477010455950000	-4.015331e+00	3.426159e+00	-1.786856e+00	-4.876663e+00	4.361171e+00	-6.893328e-02
L	-4.151192e+00	3.219682e+00	1477010456000000	-4.105094e+00	3.182480e+00	-1.803198e+00	-4.869246e+00	4.357724e+00	-7.578466e-02
R	5.155387e+00	2.548411e+00	-1.027061e+00	1477010456050000	-4.195715e+00	2.939189e+00	-1.821133e+00	-4.861036e+00	4.353935e+00	-8.262407e-02
L	-4.324508e+00	2.550338e+00	1477010456100000	-4.287274e+00	2.696326e+00	-1.840648e+00	-4.852019e+00	4.349804e+00	-8.945044e-02
R	4.998598e+00	2.640810e+00	-7.757030e-01	1477010456150000	-4.379848e+00	2.453932e+00	-1.861730e+00	-4.842177e+00	4.345331e+00	-9.626268e-02
L	-4.612230e+00	2.091916e+00	1477010456200000	-4.473517e+00	2.212048e+00	-1.884364e+00	-4.831491e+00	4.340518e+00	-1.030597e-01
R	4.705897e+00	2.719343e+00	3.635399e-01	1477010456250000	-4.568357e+00	1.970717e+00	-1.908533e+00	-4.819942e+00	4.335365e+00	-1.098405e-01
L	-4.868289e+00	1.534418e+00	1477010456300000	-4.664445e+00	1.729983e+00	-1.934219e+00	-4.807509e+00	4.329873e+00	-1.166039e-01
R	5.184515e+00	2.860923e+00	8.712080e-01	1477010456350000	-4.761856e+00	1.489891e+00	-1.961404e+00	-4.794169e+00	4.324043e+00	-1.233489e-01
L	-4.667788e+00	1.286427e+00	1477010456400000	-4.860665e+00	1.250487e+00	-1.990068e+00	-4.779901e+00	4.317875e+00	-1.300744e-01
R	5.107773e+00	2.922742e+00	1.072007e+00	1477010456450000	-4.960945e+00	1.011817e+00	-2.020190e+00	-4.764679e+00	4.311372e+00	-1.367794e-01
L	-4.854981e+00	8.256615e-01	1477010456500000	-5.062768e+00	7.739301e-01	-2.051745e+00	-4.748478e+00	4.304533e+00	-1.434628e-01
R	4.850741e+00	3.104268e+00	1.755781e+00	1477010456550000	-5.166206e+00	5.368762e-01	-2.084711e+00	-4.731272e+00	4.297360e+00	-1.501236e-01
L	-5.123096e+00	2.573111e-01	1477010456600000	-5.271329e+00	3.007060e-01	-2.119061e+00	-4.713034e+00	4.289853e+00	-1.567606e-01
R	6.005131e+00	3.190031e+00	1.776367e+00	1477010456650000	-5.378204e+00	6.547190e-02	-2.154769e+00	-4.693737e+00	4.282015e+00	-1.633729e-01
L	-5.299723e+00	-2.129817e-01	1477010456700000	-5.486900e+00	-1.687723e-01	-2.191805e+00	-4.673350e+00	4.273847e+00	-1.699593e-01
R	5.646317e+00	-3.115994e+00	2.506136e+00	1477010456750000	-5.597482e+00	-4.019714e-01	-2.230141e+00	-4.651846e+00	4.265349e+00	-1.765190e-01
L	-5.853586e+00	-4.458011e-01	1477010456800000	-5.710014e+00	-6.340686e-01	-2.269743e+00	-4.629193e+00	4.256523e+00	-1.830507e-01
R	5.358672e+00	-3.005982e+00	3.304336e+00	1477010456850000	-5.824559e+00	-8.650057e-01	-2.310579e+00	-4.605362e+00	4.247370e+00	-1.895536e-01
L	-5.878354e+00	-1.268630e+00	1477010456900000	-5.941177e+00	-1.094723e+00	-2.352615e+00	-4.580321e+00	4.237893e+00	-1.960265e-01
R	5.882792e+00	-2.878714e+00	3.255099e+00	1477010456950000	-6.059928e+00	-1.323159e+00	-2.395814e+00	-4.554039e+00	4.228091e+00	-2.024685e-01
L	-6.272635e+00	-1.509379e+00	1477010457000000	-6.180869e+00	-1.550250e+00	-2.440139e+00	-4.526483e+00	4.217968e+00	-2.088785e-01
R	6.361756e+00	-2.861339e+00	4.186973e+00	1477010457050000	-6.304056e+00	-1.775933e+00	-2.485549e+00	-4.497621e+00	4.207524e+00	-2.152555e-01
L	-6.340070e+00	-2.136847e+00	1477010457100000	-6.429541e+00	-2.000141e+00	-2.532004e+00	-4.467422e+00	4.196761e+00	-2.215985e-01
R	7.323691e+00	-2.840141e+00	3.856017e+00	1477010457150000	-6.557376e+00	-2.222807e+00	-2.579462e+00	-4.435853e+00	4.185681e+00	-2.279066e-01
L	-6.792876e+00	-2.445797e+00	1477010457200000	-6.687610e+00	-2.443860e+00	-2.627877e+00	-4.402881e+00	4.174286e+00	-2.341786e-01
R	7.628759e+00	-2.783213e+00	4.248146e+00	1477010457250000	-6.820290e+00	-2.663229e+00	-2.677204e+00	-4.368474e+00	4.162577e+00	-2.404137e-01
L	-6.800298e+00	-3.100863e+00	1477010457300000	-6.955460e+00	-2.880843e+00	-2.727396e+00	-4.332600e+00	4.150556e+00	-2.466108e-01
R	7.832033e+00	-2.717858e+00	4.173220e+00	1477010457350000	-7.093162e+00	-3.096627e+00	-2.778402e+00	-4.295227e+00	4.138226e+00	-2.527689e-01
L	-7.121178e+00	-3.264337e+00	1477010457400000	-7.233435e+00	-3.310505e+00	-2.830171e+00	-4.256323e+00	4.125587e+00	-2.588872e-01
R	8.782363e+00	-2.657161e+00	4.417689e+00	1477010457450000	-7.376317e+00	-3.522399e+00	-2.882652e+00	-4.215858e+00	4.112643e+00	-2.649645e-01
L	-7.490093e+00	-3.490813e+00	1477010457500000	-7.521842e+00	-3.732231e+00	-2.935789e+00	-4.173800e+00	4.099395e+00	-2.710000e-01
R	8.466428e+00	-2.665250e+00	4.645396e+00	1477010457550000	-7.670040e+00	-3.939920e+00	-2.989527e+00	-4.130121e+00	4.085845e+00	-2.769928e-01
L	-7.880489e+00	-4.297826e+00	1477010457600000	-7.820942e+00	-4.145385e+00	-3.043807e+00	-4.084790e+00	4.071995e+00	-2.829417e-01
R	9.291522e+00	-2.626352e+00	4.653436e+00	1477010457650000	-7.974572e+00	-4.348541e+00	-3.098570e+00	-4.037780e+00	4.057848e+00	-2.888460e-01
L	-8.224922e+00	-4.798125e+00	1477010457700000	-8.130953e+00	-4.549304e+00	-3.153756e+00	-3.989064e+00	4.043406e+00	-2.947047e-01
R	9.798837e+00	-2.611289e+00	4.321960e+00	1477010457750000	-8.290105e+00	-4.747588e+00	-3.209302e+00	-3.938615e+00	4.028670e+00	-3.005169e-01
L	-8.335522e+00	-5.105899e+00	1477010457800000	-8.452043e+00	-4.943306e+00	-3.265143e+00	-3.886408e+00	4.013645e+00	-3.062816e-01
R	9.802091e+00	-2.630737e+00	4.404867e+00	1477010457850000	-8.616782e+00	-5.136369e+00	-3.321214e+00	-3.832420e+00	3.998331e+00	-3.119979e-01
L	-8.914773e+00	-5.517524e+00	1477010457900000	-8.784330e+00	-5.326687e+00	-3.377447e+00	-3.776628e+00	3.982731e+00	-3.176650e-01
R	1.068456e+01	-2.579587e+00	4.696358e+00	1477010457950000	-8.954695e+00	-5.514169e+00	-3.433775e+00	-3.719011e+00	3.966847e+00	-3.232819e-01
L	-9.033911e+00	-5.802665e+00	1477010458000000	-9.127879e+00	-5.698724e+00	-3.490125e+00	-3.659551e+00	3.950683e+00	-3.288477e-01
R	1.039385e+01	-2.593059e+00	4.474467e+00	1477010458050000	-9.303882e+00	-5.880259e+00	-3.546428e+00	-3.598229e+00	3.934241e+00	-3.343617e-01
L	-9.308113e+00	-5.823680e+00	1477010458100000	-9.482699e+00	-6.058680e+00	-3.602610e+00	-3.535029e+00	3.917523e+00	-3.398228e-01
R	1.171653e+01	-2.562531e+00	4.727339e+00	1477010458150000	-9.664322e+00	-6.233892e+00	-3.658598e+00	-3.469939e+00	3.900532e+00	-3.452302e-01
L	-9.625472e+00	-6.559576e+00	1477010458200000	-9.848741e+00	-6.405802e+00	-3.714314e+00	-3.402945e+00	3.883270e+00	-3.505832e-01
R	1.241835e+01	-2.604340e+00	5.088445e+00	1477010458250000	-1.003594e+01	-6.574313e+00	-3.769685e+00	-3.334038e+00	3.865741e+00	-3.558808e-01
L	-1.022458e+01	-6.834023e+00	1477010458300000	-1.022590e+01	-6.739329e+00	-3.824630e+00	-3.263211e+00	3.847947e+00	-3.611222e-01
R	1.222652e+01	-2.560613e+00	5.054863e+00	1477010458350000	-1.041859e+01	-6.900754e+00	-3.879073e+00	-3.190457e+00	3.829891e+00	-3.663065e-01
L	-1.076162e+01	-7.291586e+00	1477010458400000	-1.061399e+01	-7.058492e+00	-3.932934e+00	-3.115774e+00	3.811576e+00	-3.714330e-01
R	1.286009e+01	-2.581386e+00	5.086446e+00	1477010458450000	-1.081208e+01	-7.212446e+00	-3.986131e+00	-3.039160e+00	3.793004e+00	-3.765009e-01
L	-1.122191e+01	-7.569794e+00	1477010458500000	-1.101280e+01	-7.362519e+00	-4.038585e+00	-2.960619e+00	3.774179e+00	-3.815093e-01
R	1.322950e+01	-2.550653e+00	4.904320e+00	1477010458550000	-1.121613e+01	-7.508615e+00	-4.090214e+00	-2.880154e+00	3.755103e+00	-3.864575e-01
L	-1.109344e+01	-7.677602e+00	1477010458600000	-1.142202e+01	-7.650638e+00	-4.140935e+00	-2.797773e+00	3.735781e+00	-3.913446e-01
R	1.364225e+01	-2.562944e+00	4.892821e+00	1477010458650000	-1.163042e+01	-7.788492e+00	-4.190665e+00	-2.713485e+00	3.716213e+00	-3.961700e-01
L	-1.152688e+01	-7.821504e+00	1477010458700000	-1.184128e+01	-7.922082e+00	-4.239323e+00	-2.627303e+00	3.696405e+00	-4.009327e-01
R	1.430946e+01	-2.558143e+00	4.496727e+00	1477010458750000	-1.205455e+01	-8.051314e+00	-4.286824e+00	-2.539242e+00	3.676358e+00	-4.056322e-01
L	-1.209003e+01	-8.088283e+00	1477010458800000	-1.227017e+01	-8.176094e+00	-4.333085e+00	-2.449321e+00	3.656077e+00	-4.102676e-01
R	1.480702e+01	-2.569118e+00	5.276673e+00	1477010458850000	-1.248806e+01	-8.296329e+00	-4.378023e+00	-2.357561e+00	3.635563e+00	-4.148383e-01
L	-1.242310e+01	-8.259904e+00	1477010458900000	-1.270817e+01	-8.411929e+00	-4.421555e+00	-2.263987e+00	3.614821e+00	-4.193434e-01
R	1.515301e+01	-2.570225e+00	4.469576e+00	1477010458950000	-1.293042e+01	-8.522802e+00	-4.463597e+00	-2.168626e+00	3.593854e+00	-4.237823e-01
L	-1.329111e+01	-8.645942e+00	1477010459000000	-1.315473e+01	-8.628861e+00	-4.504069e+00	-2.071509e+00	3.572665e+00	-4.281543e-01
R	1.618677e+01	-2.590798e+00	5.018520e+00	1477010459050000	-1.338102e+01	-8.730018e+00	-4.542886e+00	-1.972669e+00	3.551257e+00	-4.324586e-01
L	-1.338401e+01	-8.575829e+00	1477010459100000	-1.360922e+01	-8.826188e+00	-4.579969e+00	-1.872143e+00	3.529634e+00	-4.366947e-01
R	1.594577e+01	-2.596823e+00	4.287804e+00	1477010459150000	-1.383922e+01	-8.917288e+00	-4.615237e+00	-1.769971e+00	3.507800e+00	-4.408618e-01
L	-1.399591e+01	-8.992638e+00	1477010459200000	-1.407094e+01	-9.003236e+00	-4.648610e+00	-1.666195e+00	3.485756e+00	-4.449593e-01
R	1.693662e+01	-2.595538e+00	5.128914e+00	1477010459250000	-1.430428e+01	-9.083954e+00	-4.680010e+00	-1.560863e+00	3.463509e+00	-4.489866e-01
L	-1.442726e+01	-9.187501e+00	1477010459300000	-1.453913e+01	-9.159364e+00	-4.709360e+00	-1.454024e+00	3.441059e+00	-4.529429e-01
R	1.730411e+01	-2.572383e+00	4.587093e+00	1477010459350000	-1.477540e+01	-9.229392e+00	-4.736584e+00	-1.345729e+00	3.418412e+00	-4.568277e-01
L	-1.506203e+01	-9.043962e+00	1477010459400000	-1.501298e+01	-9.293968e+00	-4.761607e+00	-1.236035e+00	3.395571e+00	-4.606404e-01
R	1.838249e+01	-2.586137e+00	4.685169e+00	1477010459450000	-1.525175e+01	-9.353023e+00	-4.784356e+00	-1.125000e+00	3.372539e+00	-4.643804e-01
L	-1.566822e+01	-9.567493e+00	1477010459500000	-1.549160e+01	-9.406491e+00	-4.804762e+00	-1.012687e+00	3.349320e+00	-4.680470e-01
R	1.848209e+01	-2.610702e+00	4.286584e+00	1477010459550000	-1.573241e+01	-9.454310e+00	-4.822755e+00	-8.991588e-01	3.325917e+00	-4.716397e-01
L	-1.608623e+01	-9.598186e+00	1477010459600000	-1.597406e+01	-9.496420e+00	-4.838268e+00	-7.844842e-01	3.302335e+00	-4.751579e-01
R	1.881681e+01	-2.651658e+00	4.378699e+00	1477010459650000	-1.621641e+01	-9.532767e+00	-4.851237e+00	-6.687336e-01	3.278577e+00	-4.786011e-01
L	-1.642286e+01	-9.370292e+00	1477010459700000	-1.645935e+01	-9.563299e+00	-4.861599e+00	-5.519803e-01	3.254647e+00	-4.819687e-01
R	1.853353e+01	-2.613746e+00	4.252107e+00	1477010459750000	-1.670274e+01	-9.587966e+00	-4.869295e+00	-4.343005e-01	3.230549e+00	-4.852602e-01
L	-1.711319e+01	-9.430434e+00	1477010459800000	-1.694644e+01	-9.606726e+00	-4.874268e+00	-3.157729e-01	3.206286e+00	-4.884750e-01
R	2.010848e+01	-2.571242e+00	4.579152e+00	1477010459850000	-1.719033e+01	-9.619537e+00	-4.876462e+00	-1.964789e-01	3.181862e+00	-4.916128e-01
L	-1.754480e+01	-9.574848e+00	1477010459900000	-1.743425e+01	-9.626363e+00	-4.875828e+00	-7.650244e-02	3.157282e+00	-4.946729e-01
R	2.042433e+01	-2.663803e+00	4.177482e+00	1477010459950000	-1.767806e+01	-9.627173e+00	-4.872316e+00	4.407027e-02	3.132548e+00	-4.976549e-01
L	-1.797244e+01	-9.422985e+00	1477010460000000	-1.792162e+01	-9.621939e+00	-4.865881e+00	1.651507e-01	3.107665e+00	-5.005583e-01
R	2.048433e+01	-2.676476e+00	3.995549e+00	1477010460050000	-1.816479e+01	-9.610638e+00	-4.856481e+00	2.866482e-01	3.082637e+00	-5.033826e-01
L	-1.827625e+01	-9.609973e+00	1477010460100000	-1.840741e+01	-9.593251e+00	-4.844078e+00	4.084701e-01	3.057468e+00	-5.061275e-01
R	2.060912e+01	-2.657836e+00	4.302915e+00	1477010460150000	-1.864933e+01	-9.569766e+00	-4.828636e+00	5.305216e-01	3.032162e+00	-5.087925e-01
L	-1.895448e+01	-9.515445e+00	1477010460200000	-1.889039e+01	-9.540172e+00	-4.810124e+00	6.527066e-01	3.006722e+00	-5.113771e-01
R	2.076407e+01	-2.691742e+00	4.208127e+00	1477010460250000	-1.913046e+01	-9.504465e+00	-4.788514e+00	7.749269e-01	2.981153e+00	-5.138809e-01
L	-1.929830e+01	-9.098652e+00	1477010460300000	-1.936936e+01	-9.462647e+00	-4.763781e+00	8.970831e-01	2.955459e+00	-5.163036e-01
R	2.157911e+01	-2.721595e+00	3.647271e+00	1477010460350000	-1.960694e+01	-9.414724e+00	-4.735906e+00	1.019074e+00	2.929644e+00	-5.186448e-01
L	-1.987313e+01	-8.964172e+00	1477010460400000	-1.984305e+01	-9.360706e+00	-4.704871e+00	1.140799e+00	2.903712e+00	-5.209041e-01
R	2.177882e+01	-2.781427e+00	3.681834e+00	1477010460450000	-2.007752e+01	-9.300609e+00	-4.670665e+00	1.262153e+00	2.877667e+00	-5.230811e-01
L	-2.016074e+01	-9.596632e+00	1477010460500000	-2.031021e+01	-9.234455e+00	-4.633280e+00	1.383034e+00	2.851512e+00	-5.251755e-01
R	2.266100e+01	-2.697072e+00	3.794663e+00	1477010460550000	-2.054093e+01	-9.162270e+00	-4.592709e+00	1.503337e+00	2.825254e+00	-5.271870e-01
L	-2.065956e+01	-8.915274e+00	1477010460600000	-2.076955e+01	-9.084085e+00	-4.548955e+00	1.622957e+00	2.798894e+00	-5.291152e-01
R	2.317224e+01	-2.765983e+00	3.506228e+00	1477010460650000	-2.099590e+01	-8.999938e+00	-4.502020e+00	1.741788e+00	2.772439e+00	-5.309599e-01
L	-2.101954e+01	-8.850815e+00	1477010460700000	-2.121982e+01	-8.909871e+00	-4.451913e+00	1.859725e+00	2.745891e+00	-5.327207e-01
R	2.350859e+01	-2.765187e+00	3.333197e+00	1477010460750000	-2.144115e+01	-8.813932e+00	-4.398646e+00	1.976663e+00	2.719255e+00	-5.343975e-01
L	-2.150286e+01	-8.871913e+00	1477010460800000	-2.165974e+01	-8.712172e+00	-4.342235e+00	2.092496e+00	2.692535e+00	-5.359898e-01
R	2.316926e+01	-2.815928e+00	2.775023e+00	1477010460850000	-2.187542e+01	-8.604651e+00	-4.282703e+00	2.207120e+00	2.665735e+00	-5.374975e-01
L	-2.197934e+01	-8.570888e+00	1477010460900000	-2.208805e+01	-8.491431e+00	-4.220073e+00	2.320430e+00	2.638860e+00	-5.389203e-01
R	2.349061e+01	-2.807452e+00	3.305063e+00	1477010460950000	-2.229746e+01	-8.372581e+00	-4.154374e+00	2.432324e+00	2.611914e+00	-5.402580e-01
L	-2.258380e+01	-8.352956e+00	1477010461000000	-2.250351e+01	-8.248174e+00	-4.085642e+00	2.542698e+00	2.584901e+00	-5.415104e-01
R	2.390931e+01	-2.774659e+00	2.905008e+00	1477010461050000	-2.270605e+01	-8.118289e+00	-4.013912e+00	2.651451e+00	2.557826e+00	-5.426773e-01
L	-2.298609e+01	-7.672402e+00	1477010461100000	-2.290492e+01	-7.983010e+00	-3.939227e+00	2.758484e+00	2.530692e+00	-5.437585e-01
R	2.471213e+01	-2.798194e+00	2.375526e+00	1477010461150000	-2.309998e+01	-7.842426e+00	-3.861632e+00	2.863697e+00	2.503504e+00	-5.447538e-01
L	-2.347772e+01	-7.565831e+00	1477010461200000	-2.329109e+01	-7.696629e+00	-3.781177e+00	2.966995e+00	2.476266e+00	-5.456631e-01
R	2.450055e+01	-2.850952e+00	2.957432e+00	1477010461250000	-2.347810e+01	-7.545719e+00	-3.697916e+00	3.068281e+00	2.448983e+00	-5.464862e-01
L	-2.354077e+01	-7.360692e+00	1477010461300000	-2.366088e+01	-7.389798e+00	-3.611907e+00	3.167464e+00	2.421659e+00	-5.472231e-01
R	2.493166e+01	-2.874936e+00	2.636680e+00	1477010461350000	-2.383929e+01	-7.228974e+00	-3.523209e+00	3.264451e+00	2.394298e+00	-5.478735e-01
L	-2.393837e+01	-7.261707e+00	1477010461400000	-2.401319e+01	-7.063359e+00	-3.431889e+00	3.359156e+00	2.366904e+00	-5.484374e-01
R	2.507175e+01	-2.902363e+00	2.270235e+00	1477010461450000	-2.418246e+01	-6.893070e+00	-3.338014e+00	3.451493e+00	2.339482e+00	-5.489147e-01
L	-2.425736e+01	-6.435202e+00	1477010461500000	-2.434697e+01	-6.718227e+00	-3.241657e+00	3.541377e+00	2.312037e+00	-5.493053e-01
R	2.580796e+01	-2.859516e+00	1.933196e+00	1477010461550000	-2.450660e+01	-6.538955e+00	-3.142893e+00	3.628730e+00	2.284571e+00	-5.496092e-01
L	-2.430075e+01	-6.437988e+00	1477010461600000	-2.466123e+01	-6.355382e+00	-3.041800e+00	3.713473e+00	2.257091e+00	-5.498263e-01
R	2.533367e+01	-2.902125e+00	1.889512e+00	1477010461650000	-2.481075e+01	-6.167641e+00	-2.938459e+00	3.795532e+00	2.229599e+00	-5.499566e-01
L	-2.514596e+01	-5.919019e+00	1477010461700000	-2.495505e+01	-5.975869e+00	-2.832955e+00	3.874837e+00	2.202102e+00	-5.500000e-01
R	2.539906e+01	-2.942523e+00	1.814368e+00	1477010461750000	-2.509401e+01	-5.780204e+00	-2.725375e+00	3.951321e+00	2.174602e+00	-5.499566e-01
L	-2.519409e+01	-5.643722e+00	1477010461800000	-2.522755e+01	-5.580789e+00	-2.615809e+00	4.024918e+00	2.147104e+00	-5.498263e-01
R	2.610587e+01	-2.931676e+00	1.921078e+00	1477010461850000	-2.535556e+01	-5.377771e+00	-2.504349e+00	4.095570e+00	2.119613e+00	-5.496092e-01
L	-2.557125e+01	-5.102407e+00	1477010461900000	-2.547795e+01	-5.171298e+00	-2.391090e+00	4.163218e+00	2.092132e+00	-5.493053e-01
R	2.586336e+01	-2.885189e+00	1.926580e+00	1477010461950000	-2.559463e+01	-4.961521e+00	-2.276127e+00	4.227811e+00	2.064667e+00	-5.489147e-01
L	-2.569517e+01	-4.899949e+00	1477010462000000	-2.570552e+01	-4.748596e+00	-2.159561e+00	4.289300e+00	2.037221e+00	-5.484374e-01
R	2.618964e+01	-2.972523e+00	1.633477e+00	1477010462050000	-2.581054e+01	-4.532677e+00	-2.041490e+00	4.347639e+00	2.009799e+00	-5.478735e-01
L	-2.595157e+01	-4.266589e+00	1477010462100000	-2.590963e+01	-4.313924e+00	-1.922018e+00	4.402788e+00	1.982406e+00	-5.472231e-01
R	2.725929e+01	-2.977996e+00	8.431943e-01	1477010462150000	-2.600270e+01	-4.092498e+00	-1.801248e+00	4.454710e+00	1.955044e+00	-5.464862e-01
L	-2.611980e+01	-3.677232e+00	1477010462200000	-2.608971e+01	-3.868560e+00	-1.679284e+00	4.503373e+00	1.927720e+00	-5.456631e-01
R	2.684381e+01	-2.997402e+00	5.944945e-01	1477010462250000	-2.617060e+01	-3.642274e+00	-1.556233e+00	4.548748e+00	1.900437e+00	-5.447538e-01
L	-2.599736e+01	-3.247220e+00	1477010462300000	-2.624530e+01	-3.413805e+00	-1.432200e+00	4.590811e+00	1.873199e+00	-5.437585e-01
R	2.646937e+01	-3.027600e+00	4.307284e-01	1477010462350000	-2.631378e+01	-3.183319e+00	-1.307294e+00	4.629543e+00	1.846011e+00	-5.426773e-01
L	-2.617411e+01	-2.878854e+00	1477010462400000	-2.637600e+01	-2.950983e+00	-1.181621e+00	4.664928e+00	1.818877e+00	-5.415104e-01
R	2.669194e+01	-3.011990e+00	4.542462e-01	1477010462450000	-2.643191e+01	-2.716966e+00	-1.055291e+00	4.696955e+00	1.791802e+00	-5.402580e-01
L	-2.667403e+01	-2.738519e+00	1477010462500000	-2.648150e+01	-2.481434e+00	-9.284109e-01	4.725618e+00	1.764789e+00	-5.389203e-01
R	2.671272e+01	-3.077016e+00	4.967585e-01	1477010462550000	-2.652473e+01	-2.244556e+00	-8.010895e-01	4.750913e+00	1.737843e+00	-5.374975e-01
L	-2.666913e+01	-2.173329e+00	1477010462600000	-2.656159e+01	-2.006501e+00	-6.734344e-01	4.772843e+00	1.710968e+00	-5.359898e-01
R	2.635802e+01	-3.091393e+00	4.233448e-01	1477010462650000	-2.659206e+01	-1.767436e+00	-5.455531e-01	4.791414e+00	1.684169e+00	-5.343975e-01
L	-2.646710e+01	-1.532073e+00	1477010462700000	-2.661613e+01	-1.527530e+00	-4.175523e-01	4.806636e+00	1.657449e+00	-5.327207e-01
R	2.659057e+01	-3.058941e+00	-2.498442e-01	1477010462750000	-2.663381e+01	-1.286948e+00	-2.895382e-01	4.818524e+00	1.630813e+00	-5.309599e-01
L	-2.659975e+01	-1.142766e+00	1477010462800000	-2.664509e+01	-1.045858e+00	-1.616155e-01	4.827096e+00	1.604265e+00	-5.291152e-01
R	2.725246e+01	-3.080026e+00	-1.615265e-01	1477010462850000	-2.664997e+01	-8.044246e-01	-3.388826e-02	4.832376e+00	1.577809e+00	-5.271870e-01
L	-2.673546e+01	-5.953902e-01	1477010462900000	-2.664848e+01	-5.628115e-01	9.354119e-02	4.834389e+00	1.551450e+00	-5.251755e-01
R	2.698908e+01	-3.142895e+00	-6.116327e-01	1477010462950000	-2.664063e+01	-3.211813e-01	2.205718e-01	4.833166e+00	1.525191e+00	-5.230811e-01
L	-2.645533e+01	6.026528e-02	1477010463000000	-2.662645e+01	-7.969471e-02	3.471043e-01	4.828743e+00	1.499037e+00	-5.209041e-01
R	2.695409e+01	3.136512e+00	-7.303194e-01	1477010463050000	-2.660595e+01	1.614891e-01	4.730412e-01	4.821156e+00	1.472992e+00	-5.186448e-01
L	-2.662014e+01	5.758802e-01	1477010463100000	-2.657917e+01	4.022133e-01	5.982870e-01	4.810449e+00	1.447059e+00	-5.163036e-01
R	2.682677e+01	3.127371e+00	-5.252817e-01	1477010463150000	-2.654616e+01	6.423229e-01	7.227482e-01	4.796667e+00	1.421244e+00	-5.138809e-01
L	-2.672929e+01	1.060825e+00	1477010463200000	-2.650694e+01	8.816656e-01	8.463337e-01	4.779858e+00	1.395550e+00	-5.113771e-01
R	2.608648e+01	3.041601e+00	-3.797731e-01	1477010463250000	-2.646158e+01	1.120091e+00	9.689547e-01	4.760074e+00	1.369981e+00	-5.087925e-01
L	-2.639862e+01	1.422123e+00	1477010463300000	-2.641011e+01	1.357453e+00	1.090525e+00	4.737372e+00	1.344542e+00	-5.061275e-01
R	2.651320e+01	3.162864e+00	-6.746881e-01	1477010463350000	-2.635259e+01	1.593607e+00	1.210961e+00	4.711810e+00	1.319235e+00	-5.033826e-01
L	-2.635944e+01	1.793150e+00	1477010463400000	-2.628908e+01	1.828410e+00	1.330181e+00	4.683449e+00	1.294066e+00	-5.005583e-01
R	2.641086e+01	3.072313e+00	-1.062124e+00	1477010463450000	-2.621965e+01	2.061726e+00	1.448108e+00	4.652353e+00	1.269038e+00	-4.976549e-01
L	-2.625018e+01	2.184809e+00	1477010463500000	-2.614436e+01	2.293419e+00	1.564667e+00	4.618589e+00	1.244155e+00	-4.946729e-01
R	2.616847e+01	3.054394e+00	-8.559420e-01	1477010463550000	-2.606328e+01	2.523357e+00	1.679785e+00	4.582228e+00	1.219422e+00	-4.916128e-01
L	-2.606412e+01	2.807007e+00	1477010463600000	-2.597648e+01	2.751414e+00	1.793393e+00	4.543340e+00	1.194841e+00	-4.884750e-01
R	2.649653e+01	3.027220e+00	-1.607786e+00	1477010463650000	-2.588405e+01	2.977463e+00	1.905426e+00	4.502000e+00	1.170417e+00	-4.852602e-01
L	-2.583448e+01	3.420054e+00	1477010463700000	-2.578605e+01	3.201385e+00	2.015821e+00	4.458284e+00	1.146154e+00	-4.819687e-01
R	2.644731e+01	2.999942e+00	-1.436008e+00	1477010463750000	-2.568259e+01	3.423063e+00	2.124519e+00	4.412270e+00	1.122056e+00	-4.786011e-01
L	-2.566661e+01	3.635086e+00	1477010463800000	-2.557373e+01	3.642385e+00	2.231463e+00	4.364038e+00	1.098126e+00	-4.751579e-01
R	2.576844e+01	3.019702e+00	-1.631517e+00	1477010463850000	-2.545958e+01	3.859241e+00	2.336602e+00	4.313670e+00	1.074368e+00	-4.716397e-01
L	-2.574924e+01	3.999675e+00	1477010463900000	-2.534022e+01	4.073527e+00	2.439886e+00	4.261248e+00	1.050786e+00	-4.680470e-01
R	2.562843e+01	2.994471e+00	-1.705530e+00	1477010463950000	-2.521574e+01	4.285143e+00	2.541269e+00	4.206857e+00	1.027384e+00	-4.643804e-01
L	-2.502143e+01	4.528026e+00	1477010464000000	-2.508625e+01	4.493991e+00	2.640710e+00	4.150582e+00	1.004165e+00	-4.606404e-01
R	2.465146e+01	2.965886e+00	-1.641908e+00	1477010464050000	-2.495183e+01	4.699982e+00	2.738170e+00	4.092510e+00	9.811327e-01	-4.568277e-01
L	-2.503631e+01	4.884993e+00	1477010464100000	-2.481260e+01	4.903026e+00	2.833613e+00	4.032728e+00	9.582913e-01	-4.529429e-01
R	2.486058e+01	2.940754e+00	-1.973935e+00	1477010464150000	-2.466865e+01	5.103041e+00	2.927008e+00	3.971324e+00	9.356441e-01	-4.489866e-01
L	-2.450414e+01	5.352928e+00	1477010464200000	-2.452008e+01	5.299948e+00	3.018326e+00	3.908388e+00	9.131948e-01	-4.449593e-01
R	2.499457e+01	2.930138e+00	-2.492785e+00	1477010464250000	-2.436700e+01	5.493672e+00	3.107543e+00	3.844007e+00	8.909468e-01	-4.408618e-01
L	-2.411590e+01	5.611521e+00	1477010464300000	-2.420952e+01	5.684145e+00	3.194637e+00	3.778271e+00	8.689038e-01	-4.366947e-01
R	2.502040e+01	2.950248e+00	-2.652488e+00	1477010464350000	-2.404774e+01	5.871299e+00	3.279590e+00	3.711270e+00	8.470690e-01	-4.324586e-01
L	-2.391530e+01	5.943773e+00	1477010464400000	-2.388176e+01	6.055076e+00	3.362388e+00	3.643093e+00	8.254461e-01	-4.281543e-01
R	2.441514e+01	2.874453e+00	-1.954509e+00	1477010464450000	-2.371171e+01	6.235417e+00	3.443019e+00	3.573830e+00	8.040384e-01	-4.237823e-01
L	-2.364709e+01	6.291020e+00	1477010464500000	-2.353768e+01	6.412271e+00	3.521475e+00	3.503569e+00	7.828493e-01	-4.193434e-01
R	2.463760e+01	2.873031e+00	-2.305615e+00	1477010464550000	-2.335978e+01	6.585591e+00	3.597751e+00	3.432399e+00	7.618821e-01	-4.148383e-01
L	-2.300988e+01	6.861822e+00	1477010464600000	-2.317813e+01	6.755333e+00	3.671846e+00	3.360409e+00	7.411402e-01	-4.102676e-01
R	2.349842e+01	2.894761e+00	-2.544379e+00	1477010464650000	-2.299282e+01	6.921459e+00	3.743759e+00	3.287685e+00	7.206268e-01	-4.056322e-01
L	-2.269912e+01	7.063003e+00	1477010464700000	-2.280398e+01	7.083934e+00	3.813497e+00	3.214315e+00	7.003452e-01	-4.009327e-01
R	2.341546e+01	2.848655e+00	-2.969744e+00	1477010464750000	-2.261171e+01	7.242727e+00	3.881065e+00	3.140384e+00	6.802985e-01	-3.961700e-01
L	-2.250832e+01	7.315242e+00	1477010464800000	-2.241611e+01	7.397815e+00	3.946474e+00	3.065978e+00	6.604901e-01	-3.913446e-01
R	2.341126e+01	2.799455e+00	-3.477012e+00	1477010464850000	-2.221730e+01	7.549173e+00	4.009736e+00	2.991180e+00	6.409228e-01	-3.864575e-01
L	-2.219469e+01	7.694784e+00	1477010464900000	-2.201538e+01	7.696786e+00	4.070867e+00	2.916073e+00	6.215999e-01	-3.815093e-01
R	2.342996e+01	2.745711e+00	-2.707678e+00	1477010464950000	-2.181046e+01	7.840639e+00	4.129885e+00	2.840738e+00	6.025245e-01	-3.765009e-01
L	-2.164727e+01	7.940000e+00	1477010465000000	-2.160264e+01	7.980724e+00	4.186809e+00	2.765256e+00	5.836994e-01	-3.714330e-01
R	2.320885e+01	2.799455e+00	-2.949602e+00	1477010465050000	-2.139203e+01	8.117035e+00	4.241663e+00	2.689706e+00	5.651278e-01	-3.663065e-01
L	-2.108525e+01	7.832295e+00	1477010465100000	-2.117873e+01	8.249571e+00	4.294471e+00	2.614165e+00	5.468125e-01	-3.611222e-01
R	2.255101e+01	2.717181e+00	-2.605400e+00	1477010465150000	-2.096283e+01	8.378334e+00	4.345261e+00	2.538708e+00	5.287563e-01	-3.558808e-01
L	-2.105193e+01	8.509834e+00	1477010465200000	-2.074445e+01	8.503329e+00	4.394061e+00	2.463411e+00	5.109623e-01	-3.505832e-01
R	2.203597e+01	2.700465e+00	-3.400656e+00	1477010465250000	-2.052368e+01	8.624568e+00	4.440903e+00	2.388345e+00	4.934331e-01	-3.452302e-01
L	-2.021000e+01	8.689140e+00	1477010465300000	-2.030062e+01	8.742063e+00	4.485819e+00	2.313582e+00	4.761716e-01	-3.398228e-01
R	2.208030e+01	2.729034e+00	-2.811046e+00	1477010465350000	-2.007535e+01	8.855831e+00	4.528845e+00	2.239190e+00	4.591805e-01	-3.343617e-01
L	-2.006326e+01	8.867236e+00	1477010465400000	-1.984799e+01	8.965893e+00	4.570015e+00	2.165237e+00	4.424624e-01	-3.288477e-01
R	2.177567e+01	2.726489e+00	-2.799984e+00	1477010465450000	-1.961861e+01	9.072271e+00	4.609368e+00	2.091789e+00	4.260200e-01	-3.232819e-01
L	-1.948608e+01	8.966645e+00	1477010465500000	-1.938730e+01	9.174993e+00	4.646942e+00	2.018910e+00	4.098559e-01	-3.176650e-01
R	2.119191e+01	2.639066e+00	-3.306777e+00	1477010465550000	-1.915416e+01	9.274090e+00	4.682779e+00	1.946661e+00	3.939727e-01	-3.119979e-01
L	-1.867863e+01	9.191907e+00	1477010465600000	-1.891928e+01	9.369592e+00	4.716918e+00	1.875103e+00	3.783728e-01	-3.062816e-01
R	2.127178e+01	2.705673e+00	-3.383300e+00	1477010465650000	-1.868272e+01	9.461538e+00	4.749403e+00	1.804293e+00	3.630587e-01	-3.005169e-01
L	-1.842417e+01	9.468520e+00	1477010465700000	-1.844458e+01	9.549965e+00	4.780277e+00	1.734289e+00	3.480329e-01	-2.947047e-01
R	2.015003e+01	2.693803e+00	-3.971271e+00	1477010465750000	-1.820494e+01	9.634916e+00	4.809585e+00	1.665143e+00	3.332976e-01	-2.888460e-01
L	-1.777364e+01	9.724776e+00	1477010465800000	-1.796387e+01	9.716433e+00	4.837370e+00	1.596910e+00	3.188553e-01	-2.829417e-01
R	1.991012e+01	2.616682e+00	-3.295320e+00	1477010465850000	-1.772144e+01	9.794565e+00	4.863679e+00	1.529639e+00	3.047082e-01	-2.769928e-01
L	-1.734358e+01	9.881093e+00	1477010465900000	-1.747773e+01	9.869361e+00	4.888556e+00	1.463380e+00	2.908586e-01	-2.710000e-01
R	1.996480e+01	2.604660e+00	-3.664102e+00	1477010465950000	-1.723282e+01	9.940872e+00	4.912050e+00	1.398179e+00	2.773086e-01	-2.649645e-01
L	-1.688756e+01	1.014499e+01	1477010466000000	-1.698676e+01	1.000915e+01	4.934206e+00	1.334081e+00	2.640604e-01	-2.588872e-01
R	1.943162e+01	2.594538e+00	-3.651343e+00	1477010466050000	-1.673963e+01	1.007426e+01	4.955070e+00	1.271129e+00	2.511160e-01	-2.527689e-01
L	-1.651533e+01	1.030912e+01	1477010466100000	-1.649148e+01	1.013625e+01	4.974690e+00	1.209366e+00	2.384776e-01	-2.466108e-01
R	1.925810e+01	2.559822e+00	-3.716461e+00	1477010466150000	-1.624238e+01	1.019518e+01	4.993113e+00	1.148829e+00	2.261470e-01	-2.404137e-01
L	-1.600595e+01	1.018430e+01	1477010466200000	-1.599238e+01	1.025112e+01	5.010385e+00	1.089559e+00	2.141263e-01	-2.341786e-01
R	1.885725e+01	2.556778e+00	-3.531470e+00	1477010466250000	-1.574155e+01	1.030413e+01	5.026553e+00	1.031590e+00	2.024174e-01	-2.279066e-01
L	-1.556987e+01	1.019040e+01	1477010466300000	-1.548993e+01	1.035428e+01	5.041663e+00	9.749565e-01	1.910221e-01	-2.215985e-01
R	1.793832e+01	2.487744e+00	-4.222883e+00	1477010466350000	-1.523758e+01	1.040163e+01	5.055761e+00	9.196923e-01	1.799422e-01	-2.152555e-01
L	-1.493648e+01	1.047218e+01	1477010466400000	-1.498455e+01	1.044625e+01	5.068892e+00	8.658283e-01	1.691794e-01	-2.088785e-01
R	1.759633e+01	2.562146e+00	-3.317883e+00	1477010466450000	-1.473089e+01	1.048822e+01	5.081101e+00	8.133940e-01	1.587355e-01	-2.024685e-01
L	-1.440883e+01	1.022201e+01	1477010466500000	-1.447663e+01	1.052760e+01	5.092432e+00	7.624177e-01	1.486120e-01	-1.960265e-01
R	1.743484e+01	2.493576e+00	-3.802615e+00	1477010466550000	-1.422183e+01	1.056447e+01	5.102928e+00	7.129259e-01	1.388107e-01	-1.895536e-01
L	-1.380486e+01	1.093833e+01	1477010466600000	-1.396652e+01	1.059891e+01	5.112633e+00	6.649439e-01	1.293330e-01	-1.830507e-01
R	1.719806e+01	2.463710e+00	-3.313897e+00	1477010466650000	-1.371073e+01	1.063099e+01	5.121588e+00	6.184955e-01	1.201805e-01	-1.765190e-01
L	-1.335560e+01	1.055170e+01	1477010466700000	-1.345452e+01	1.066078e+01	5.129834e+00	5.736031e-01	1.113545e-01	-1.699593e-01
R	1.686157e+01	2.445369e+00	-3.743524e+00	1477010466750000	-1.319791e+01	1.068837e+01	5.137411e+00	5.302878e-01	1.028566e-01	-1.633729e-01
L	-1.295906e+01	1.100989e+01	1477010466800000	-1.294094e+01	1.071383e+01	5.144357e+00	4.885696e-01	9.468793e-02	-1.567606e-01
R	1.663302e+01	2.398815e+00	-3.455295e+00	1477010466850000	-1.268362e+01	1.073726e+01	5.150712e+00	4.484670e-01	8.684990e-02	-1.501236e-01
L	-1.237133e+01	1.060914e+01	1477010466900000	-1.242601e+01	1.075871e+01	5.156511e+00	4.099975e-01	7.934372e-02	-1.434628e-01
R	1.617436e+01	2.400763e+00	-3.361253e+00	1477010466950000	-1.216811e+01	1.077829e+01	5.161789e+00	3.731774e-01	7.217058e-02	-1.367794e-01
L	-1.194509e+01	1.105150e+01	1477010467000000	-1.190996e+01	1.079606e+01	5.166582e+00	3.380221e-01	6.533161e-02	-1.300744e-01
R	1.551247e+01	2.356317e+00	-3.456733e+00	1477010467050000	-1.165158e+01	1.081212e+01	5.170921e+00	3.045457e-01	5.882788e-02	-1.233489e-01
L	-1.145483e+01	1.094067e+01	1477010467100000	-1.139299e+01	1.082655e+01	5.174838e+00	2.727614e-01	5.266044e-02	-1.166039e-01
R	1.546745e+01	2.394427e+00	-4.449697e+00	1477010467150000	-1.113421e+01	1.083944e+01	5.178363e+00	2.426814e-01	4.683024e-02	-1.098405e-01
L	-1.060086e+01	1.068225e+01	1477010467200000	-1.087526e+01	1.085086e+01	5.181525e+00	2.143171e-01	4.133822e-02	-1.030597e-01
R	1.519847e+01	2.347791e+00	-3.728088e+00	1477010467250000	-1.061615e+01	1.086091e+01	5.184351e+00	1.876789e-01	3.618523e-02	-9.626268e-02
L	-1.041423e+01	1.087465e+01	1477010467300000	-1.035691e+01	1.086967e+01	5.186866e+00	1.627763e-01	3.137210e-02	-8.945044e-02
R	1.497007e+01	2.293741e+00	-2.909210e+00	1477010467350000	-1.009755e+01	1.087723e+01	5.189095e+00	1.396181e-01	2.689958e-02	-8.262407e-02
L	-9.834446e+00	1.110321e+01	1477010467400000	-9.838085e+00	1.088367e+01	5.191060e+00	1.182124e-01	2.276837e-02	-7.578466e-02
R	1.452778e+01	2.348663e+00	-3.348510e+00	1477010467450000	-9.578521e+00	1.088909e+01	5.192781e+00	9.856635e-02	1.897914e-02	-6.893328e-02
L	-9.306602e+00	1.103476e+01	1477010467500000	-9.318874e+00	1.089357e+01	5.194279e+00	8.068649e-02	1.553247e-02	-6.207101e-02
R	1.386484e+01	2.298530e+00	-3.203442e+00	1477010467550000	-9.059154e+00	1.089720e+01	5.195570e+00	6.457867e-02	1.242892e-02	-5.519894e-02
L	-8.788986e+00	1.107066e+01	1477010467600000	-8.799372e+00	1.090007e+01	5.196670e+00	5.024805e-02	9.668977e-03	-4.831816e-02
R	1.337045e+01	2.293074e+00	-3.215725e+00	1477010467650000	-8.539535e+00	1.090227e+01	5.197594e+00	3.769917e-02	7.253069e-03	-4.142974e-02
L	-8.620445e+00	1.065766e+01	1477010467700000	-8.279654e+00	1.090389e+01	5.198353e+00	2.693593e-02	5.181582e-03	-3.453479e-02
R	1.364596e+01	2.189595e+00	-2.987211e+00	1477010467750000	-8.019735e+00	1.090501e+01	5.198959e+00	1.796166e-02	3.454842e-03	-2.763437e-02
L	-7.519712e+00	1.100045e+01	1477010467800000	-7.759787e+00	1.090573e+01	5.199421e+00	1.077906e-02	2.073124e-03	-2.072960e-02
R	1.288560e+01	2.169303e+00	-2.779369e+00	1477010467850000	-7.499815e+00	1.090613e+01	5.199745e+00	5.390285e-03	1.036644e-03	-1.382155e-02
L	-7.156314e+00	1.081504e+01	1477010467900000	-7.239828e+00	1.090631e+01	5.199937e+00	1.796922e-03	3.455661e-04	-6.911322e-03
R	1.326910e+01	2.161844e+00	-2.405718e+00	1477010467950000	-6.979831e+00	1.090636e+01	5.200000e+00	-7.848735e-15	-1.509372e-15	3.537870e-16
