R	0.435548	1.08911	-2.68215	11477010443000000	0.359997	0.600041	-4.80025	0.0016588	-0.000345566	-0.0138216
L	0.218966	0.686146	11477010443050000	0.119984	0.600207	-4.80057	0.00497648	-0.00103664	-0.0207296
R	0.504531	1.73286	0.95321	11477010443100000	-0.120044	0.600581	-4.801	0.00995308	-0.00207312	-0.0276344
L	-0.306645	0.557228	11477010443150000	-0.360093	0.601244	-4.80155	0.0165887	-0.00345484	-0.0345348
R	0.570266	2.40709	3.67529	11477010443200000	-0.60017	0.602281	-4.80221	0.0248832	-0.00518158	-0.0414297
L	-0.920801	0.498185	11477010443250000	-0.840279	0.603774	-4.80296	0.0348368	-0.00725307	-0.0483182
R	1.1499	2.62382	4.41877	11477010443300000	-1.08042	0.605806	-4.8038	0.0464493	-0.00966898	-0.0551989
L	-1.21709	0.564086	11477010443350000	-1.32061	0.608459	-4.80472	0.0597206	-0.0124289	-0.062071
R	1.43215	2.73564	4.1884	11477010443400000	-1.56084	0.611818	-4.8057	0.0746505	-0.0155325	-0.0689333
L	-1.46626	0.627215	11477010443450000	-1.80112	0.615965	-4.80673	0.0912385	-0.0189791	-0.0757847
R	1.85823	2.82021	4.53155	11477010443500000	-2.04145	0.620982	-4.80778	0.109484	-0.0227684	-0.0826241
L	-2.28461	0.787442	11477010443550000	-2.28182	0.626953	-4.80884	0.129387	-0.0268996	-0.0894504
R	2.54514	2.9573	4.68462	11477010443600000	-2.52225	0.63396	-4.80989	0.150946	-0.0313721	-0.0962627
L	-2.7473	0.847233	11477010443650000	-2.76273	0.642086	-4.81089	0.174159	-0.0361852	-0.10306
R	3.75812	2.90915	4.57293	11477010443700000	-3.00325	0.651414	-4.81184	0.199026	-0.0413382	-0.10984
L	-3.30883	0.881059	11477010443750000	-3.24381	0.662026	-4.8127	0.225545	-0.0468302	-0.116604
R	3.5252	2.96676	4.70151	11477010443800000	-3.48441	0.674004	-4.81344	0.253712	-0.0526604	-0.123349
L	-3.76347	0.400296	11477010443850000	-3.72504	0.687432	-4.81403	0.283526	-0.0588279	-0.130074
R	3.87038	2.94439	4.93489	11477010443900000	-3.9657	0.702391	-4.81445	0.314984	-0.0653316	-0.136779
L	-4.43196	0.438228	11477010443950000	-4.20636	0.718963	-4.81465	0.348081	-0.0721706	-0.143463
R	4.40269	3.00178	4.88828	11477010444000000	-4.44703	0.73723	-4.81461	0.382812	-0.0793437	-0.150124
L	-4.72477	0.881914	11477010444050000	-4.68769	0.757274	-4.81428	0.419174	-0.0868499	-0.156761
R	4.50768	2.95175	5.06717	11477010444100000	-4.92832	0.779176	-4.81363	0.45716	-0.0946879	-0.163373
L	-5.28802	0.714213	11477010444150000	-5.1689	0.803017	-4.81263	0.496763	-0.102857	-0.169959
R	5.50876	3.03022	5.18967	11477010444200000	-5.40943	0.828877	-4.81122	0.537976	-0.111355	-0.176519
L	-5.5629	1.05194	11477010444250000	-5.64986	0.856837	-4.80937	0.580791	-0.12018	-0.183051
R	6.42089	2.94326	4.52147	11477010444300000	-5.8902	0.886977	-4.80703	0.625197	-0.129333	-0.189554
L	-5.88309	0.886	11477010444350000	-6.1304	0.919375	-4.80415	0.671184	-0.138811	-0.196027
R	6.02698	2.98427	5.35623	11477010444400000	-6.37044	0.954111	-4.8007	0.718741	-0.148612	-0.202469
L	-6.75307	0.884443	11477010444450000	-6.61028	0.991262	-4.79662	0.767854	-0.158735	-0.208879
R	6.69002	2.99732	5.06436	11477010444500000	-6.84991	1.03091	-4.79187	0.818509	-0.169179	-0.215256
L	-7.10876	1.23352	11477010444550000	-7.08928	1.07312	-4.78638	0.87069	-0.179942	-0.221599
R	7.57562	3.03104	4.86462	11477010444600000	-7.32835	1.11798	-4.78012	0.92438	-0.191022	-0.227907
L	-7.56319	1.15044	11477010444650000	-7.56709	1.16556	-4.77304	0.979561	-0.202417	-0.234179
R	7.33714	2.98899	4.89158	11477010444700000	-7.80545	1.21593	-4.76506	1.03621	-0.214126	-0.240414
L	-8.00209	1.17936	11477010444750000	-8.04339	1.26918	-4.75615	1.09431	-0.226147	-0.246611
R	8.26102	2.92874	5.02055	11477010444800000	-8.28085	1.32536	-4.74625	1.15383	-0.238478	-0.252769
L	-8.47207	1.30248	11477010444850000	-8.51779	1.38455	-4.7353	1.21475	-0.251116	-0.258887
R	9.05363	2.99137	4.16871	11477010444900000	-8.75416	1.44681	-4.72324	1.27704	-0.26406	-0.264965
L	-8.97275	1.58275	11477010444950000	-8.98989	1.51223	-4.71002	1.34067	-0.277309	-0.271
R	8.79922	3.00192	5.13603	11477010445000000	-9.22493	1.58085	-4.69558	1.40561	-0.290859	-0.276993
L	-9.55672	1.45188	11477010445050000	-9.45921	1.65276	-4.67987	1.47183	-0.304708	-0.282942
R	9.62177	3.02687	5.09521	11477010445100000	-9.69268	1.728	-4.66282	1.53929	-0.318855	-0.288846
L	-10.1925	1.86579	11477010445150000	-9.92526	1.80665	-4.64437	1.60795	-0.333298	-0.294705
R	10.3421	2.89756	4.80496	11477010445200000	-10.1569	1.88875	-4.62448	1.67776	-0.348033	-0.300517
L	-10.2047	1.92272	11477010445250000	-10.3875	1.97438	-4.60307	1.7487	-0.363059	-0.306282
R	10.9622	2.94265	5.23938	11477010445300000	-10.6169	2.06357	-4.58009	1.82071	-0.378373	-0.311998
L	-10.8445	1.97723	11477010445350000	-10.8452	2.15639	-4.55549	1.89375	-0.393973	-0.317665
R	11.0703	2.929	4.98879	11477010445400000	-11.0722	2.25288	-4.52921	1.96776	-0.409856	-0.323282
L	-11.0683	2.3968	11477010445450000	-11.2979	2.35309	-4.50118	2.04269	-0.42602	-0.328848
R	11.8737	2.94348	4.96464	11477010445500000	-11.5221	2.45707	-4.47136	2.11849	-0.442462	-0.334362
L	-11.81	2.61859	11477010445550000	-11.7448	2.56486	-4.43968	2.1951	-0.45918	-0.339823
R	12.5158	2.90505	5.26493	11477010445600000	-11.9658	2.6765	-4.4061	2.27246	-0.476172	-0.34523
L	-12.3079	2.82794	11477010445650000	-12.1851	2.79202	-4.37055	2.35051	-0.493433	-0.350583
R	12.9372	2.94609	4.91793	11477010445700000	-12.4026	2.91145	-4.333	2.42918	-0.510962	-0.355881
L	-12.6407	3.12177	11477010445750000	-12.6182	3.03483	-4.29338	2.5084	-0.528756	-0.361122
R	13.2751	2.88721	4.96645	11477010445800000	-12.8317	3.16218	-4.25165	2.5881	-0.546812	-0.366307
L	-13.0124	3.4261	11477010445850000	-13.0431	3.29353	-4.20776	2.66821	-0.565128	-0.371433
R	13.1338	2.89851	4.76427	11477010445900000	-13.2522	3.42888	-4.16167	2.74865	-0.583699	-0.376501
L	-13.3393	3.57168	11477010445950000	-13.459	3.56827	-4.11333	2.82935	-0.602524	-0.381509
R	14.6601	2.84001	4.88115	11477010446000000	-13.6633	3.71169	-4.0627	2.91022	-0.6216	-0.386457
L	-13.8581	3.77748	11477010446050000	-13.865	3.85915	-4.00974	2.99118	-0.640923	-0.391345
R	14.6808	2.82335	4.59318	11477010446100000	-14.064	4.01066	-3.95441	3.07214	-0.66049	-0.39617
L	-14.2501	4.19728	11477010446150000	-14.2602	4.16622	-3.89669	3.15303	-0.680299	-0.400933
R	15.831	2.83853	4.62087	11477010446200000	-14.4535	4.32581	-3.83653	3.23373	-0.700345	-0.405632
L	-14.6748	4.63724	11477010446250000	-14.6436	4.48943	-3.77392	3.31417	-0.720627	-0.410268
R	15.7254	2.83246	4.60213	11477010446300000	-14.8306	4.65706	-3.70883	3.39425	-0.74114	-0.414838
L	-14.8394	4.85714	11477010446350000	-15.0143	4.82869	-3.64123	3.47388	-0.761882	-0.419343
R	15.8497	2.83691	4.44162	11477010446400000	-15.1945	5.00428	-3.5711	3.55294	-0.782849	-0.423782
L	-15.4595	5.33623	11477010446450000	-15.3712	5.1838	-3.49844	3.63135	-0.804038	-0.428154
R	16.5691	2.76901	4.13492	11477010446500000	-15.5441	5.36723	-3.42323	3.70901	-0.825446	-0.432459
L	-15.8636	5.46187	11477010446550000	-15.7133	5.55452	-3.34546	3.78581	-0.847069	-0.436695
R	16.6083	2.82552	4.40404	11477010446600000	-15.8785	5.74562	-3.26513	3.86164	-0.868904	-0.440862
L	-15.899	5.91441	11477010446650000	-16.0396	5.94048	-3.18223	3.9364	-0.890947	-0.444959
R	17.4613	2.79834	4.08203	11477010446700000	-16.1965	6.13906	-3.09679	4.00999	-0.913195	-0.448987
L	-16.3132	6.46809	11477010446750000	-16.3491	6.34128	-3.00879	4.08229	-0.935644	-0.452943
R	17.3457	2.82304	3.95348	11477010446800000	-16.4972	6.54708	-2.91826	4.1532	-0.958291	-0.456828
L	-16.7212	6.72454	11477010446850000	-16.6407	6.75639	-2.82522	4.22261	-0.981133	-0.46064
R	18.3587	2.73661	4.24528	11477010446900000	-16.7795	6.96912	-2.72968	4.29042	-1.00416	-0.46438
L	-17.312	7.32125	11477010446950000	-16.9135	7.18521	-2.63167	4.3565	-1.02738	-0.468047
R	18.6667	2.7047	3.84031	11477010447000000	-17.0425	7.40456	-2.53122	4.42077	-1.05079	-0.47164
L	-17.1166	7.75043	11477010447050000	-17.1665	7.62707	-2.42838	4.4831	-1.07437	-0.475158
R	18.8305	2.74733	4.19221	11477010447100000	-17.2852	7.85264	-2.32317	4.54339	-1.09813	-0.478601
L	-17.3617	7.8192	11477010447150000	-17.3986	8.08118	-2.21565	4.60153	-1.12206	-0.481969
R	19.4407	2.65832	3.82154	11477010447200000	-17.5066	8.31257	-2.10586	4.65742	-1.14615	-0.48526
L	-17.8436	8.51915	11477010447250000	-17.6091	8.54669	-1.99386	4.71095	-1.17042	-0.488475
R	19.3186	2.70542	3.49056	11477010447300000	-17.7059	8.78343	-1.87971	4.76202	-1.19484	-0.491613
L	-17.7757	9.07777	11477010447350000	-17.797	9.02267	-1.76348	4.81052	-1.21942	-0.494673
R	20.4024	2.63459	3.23315	11477010447400000	-17.8822	9.26426	-1.64522	4.85637	-1.24416	-0.497655
L	-17.7006	9.64203	11477010447450000	-17.9614	9.50807	-1.52502	4.89946	-1.26904	-0.500558
R	20.5799	2.61606	3.3231	11477010447500000	-18.0346	9.75398	-1.40296	4.9397	-1.29407	-0.503383
L	-18.1418	9.9702	11477010447550000	-18.1016	10.0018	-1.27911	4.97699	-1.31924	-0.506128
R	21.0152	2.70509	3.31	11477010447600000	-18.1624	10.2515	-1.15357	5.01125	-1.34454	-0.508792
L	-17.949	10.4783	11477010447650000	-18.2169	10.5027	-1.02642	5.04239	-1.36998	-0.511377
R	21.1958	2.62966	3.75037	11477010447700000	-18.265	10.7555	-0.897764	5.07032	-1.39555	-0.513881
L	-18.2427	10.7283	11477010447750000	-18.3066	11.0095	-0.767697	5.09498	-1.42124	-0.516304
R	21.6103	2.60671	3.0333	11477010447800000	-18.3417	11.2647	-0.636323	5.11627	-1.44706	-0.518645
L	-18.2521	11.808	11477010447850000	-18.3702	11.5209	-0.503751	5.13414	-1.47299	-0.520904
R	21.9725	2.57656	3.16751	11477010447900000	-18.392	11.778	-0.370091	5.14852	-1.49904	-0.523081
L	-18.3979	11.9824	11477010447950000	-18.4072	12.0356	-0.235457	5.15934	-1.52519	-0.525175
R	21.8684	2.56022	3.43613	11477010448000000	-18.4156	12.2937	-0.099968	5.16654	-1.55145	-0.527187
L	-18.5334	12.5747	11477010448050000	-18.4171	12.552	0.0362564	5.17007	-1.57781	-0.529115
R	22.6062	2.50413	2.98248	11477010448100000	-18.4119	12.8105	0.173093	5.16989	-1.60426	-0.53096
L	-18.4912	13.149	11477010448150000	-18.3998	13.0688	0.310414	5.16594	-1.63081	-0.532721
R	22.6912	2.55894	2.45095	11477010448200000	-18.3809	13.3269	0.448093	5.1582	-1.65745	-0.534397
L	-18.2622	13.6861	11477010448250000	-18.355	13.5845	0.585998	5.14663	-1.68417	-0.53599
R	23.3787	2.45833	2.6947	11477010448300000	-18.3223	13.8414	0.723997	5.1312	-1.71097	-0.537497
L	-18.2698	14.1282	11477010448350000	-18.2826	14.0974	0.861956	5.11189	-1.73784	-0.53892
R	23.6186	2.46177	2.26225	11477010448400000	-18.2361	14.3524	0.999739	5.08868	-1.76479	-0.540258
L	-18.1737	14.4943	11477010448450000	-18.1827	14.6061	1.13721	5.06157	-1.7918	-0.54151
R	23.8202	2.43644	1.81898	11477010448500000	-18.1224	14.8584	1.27423	5.03055	-1.81888	-0.542677
L	-18.0078	15.1957	11477010448550000	-18.0553	15.1091	1.41067	4.99562	-1.84601	-0.543758
R	23.6478	2.40367	2.38793	11477010448600000	-17.9814	15.3578	1.54638	4.95679	-1.8732	-0.544754
L	-17.9036	15.5953	11477010448650000	-17.9007	15.6046	1.68122	4.91408	-1.90044	-0.545663
R	23.42	2.43618	2.24496	11477010448700000	-17.8133	15.8491	1.81507	4.8675	-1.92772	-0.546486
L	-17.7118	16.0351	11477010448750000	-17.7192	16.0912	1.94777	4.81708	-1.95504	-0.547223
R	24.3287	2.44765	2.53227	11477010448800000	-17.6185	16.3307	2.0792	4.76286	-1.98241	-0.547873
L	-17.3057	16.5441	11477010448850000	-17.5113	16.5674	2.20923	4.70486	-2.0098	-0.548437
R	23.7953	2.38386	1.20833	11477010448900000	-17.3977	16.8011	2.33771	4.64314	-2.03722	-0.548915
L	-17.3409	17.0829	11477010448950000	-17.2776	17.0316	2.46452	4.57774	-2.06467	-0.549305
R	24.4801	2.35771	0.797362	11477010449000000	-17.1512	17.2588	2.58952	4.50871	-2.09213	-0.549609
L	-17.0467	17.6995	11477010449050000	-17.0187	17.4824	2.71259	4.43613	-2.11961	-0.549826
R	24.139	2.3363	0.989119	11477010449100000	-16.88	17.7023	2.83361	4.36005	-2.1471	-0.549957
L	-16.8092	17.9605	11477010449150000	-16.7354	17.9184	2.95245	4.28054	-2.1746	-0.55
R	24.3554	2.30367	1.02306	11477010449200000	-16.5848	18.1303	3.069	4.19769	-2.2021	-0.549957
L	-16.3146	18.044	11477010449250000	-16.4285	18.3381	3.18313	4.11157	-2.2296	-0.549826
R	24.6353	2.31146	1.0311	11477010449300000	-16.2665	18.5415	3.29475	4.02228	-2.25709	-0.549609
L	-16.0729	18.7231	11477010449350000	-16.0991	18.7403	3.40374	3.9299	-2.28457	-0.549305
R	24.6758	2.25174	0.524333	11477010449400000	-15.9262	18.9344	3.50999	3.83452	-2.31204	-0.548915
L	-15.7147	19.2819	11477010449450000	-15.7481	19.1237	3.61342	3.73626	-2.33948	-0.548437
R	24.8604	2.26041	0.268944	11477010449500000	-15.5649	19.308	3.71392	3.63521	-2.3669	-0.547873
L	-15.4174	19.6167	11477010449550000	-15.3767	19.4872	3.8114	3.53148	-2.3943	-0.547223
R	24.8415	2.22773	-0.0209669	11477010449600000	-15.1838	19.6612	3.90579	3.42518	-2.42166	-0.546486
L	-14.9167	20.0068	11477010449650000	-14.9862	19.8297	3.99699	3.31643	-2.44898	-0.545663
R	25.1767	2.27371	-0.0114214	11477010449700000	-14.7841	19.9928	4.08495	3.20535	-2.47627	-0.544754
L	-14.7756	20.1032	11477010449750000	-14.5777	20.1503	4.16958	3.09206	-2.5035	-0.543758
R	24.5989	2.21935	0.172357	11477010449800000	-14.3671	20.302	4.25082	2.97668	-2.53069	-0.542677
L	-14.0673	20.5034	11477010449850000	-14.1526	20.448	4.32862	2.85933	-2.55783	-0.54151
R	24.6852	2.16625	-0.348042	11477010449900000	-13.9342	20.588	4.40292	2.74015	-2.5849	-0.540258
L	-13.8405	20.7784	11477010449950000	-13.7123	20.722	4.47367	2.61927	-2.61191	-0.53892
R	24.8136	2.15116	-0.545526	11477010450000000	-13.4868	20.8499	4.54085	2.49681	-2.63886	-0.537497
L	-13.2142	20.9737	11477010450050000	-13.2582	20.9717	4.6044	2.37291	-2.66574	-0.53599
R	24.5445	2.08549	-0.544139	11477010450100000	-13.0264	21.0872	4.6643	2.2477	-2.69253	-0.534397
L	-12.7118	21.3432	11477010450150000	-12.7917	21.1965	4.72053	2.12131	-2.71925	-0.532721
R	24.7351	2.10973	-0.441673	11477010450200000	-12.5543	21.2994	4.77306	1.99388	-2.74589	-0.53096
L	-12.1679	21.5349	11477010450250000	-12.3143	21.3959	4.8219	1.86555	-2.77244	-0.529115
R	24.3747	2.05077	-0.971054	11477010450300000	-12.072	21.486	4.86702	1.73644	-2.79889	-0.527187
L	-11.9786	21.7567	11477010450350000	-11.8276	21.5696	4.90844	1.60668	-2.82525	-0.525175
R	24.5465	2.04934	-0.941372	11477010450400000	-11.5811	21.6467	4.94615	1.47643	-2.85151	-0.523081
L	-11.1569	21.5707	11477010450450000	-11.3329	21.7173	4.98017	1.34579	-2.87767	-0.520904
R	24.5619	2.06339	-1.02857	11477010450500000	-11.083	21.7813	5.01051	1.21491	-2.90371	-0.518645
L	-10.8239	21.6462	11477010450550000	-10.8317	21.8388	5.03719	1.08391	-2.92964	-0.516304
R	24.4003	1.99557	-1.58581	11477010450600000	-10.5792	21.8898	5.06025	0.952912	-2.95546	-0.513881
L	-10.2017	21.894	11477010450650000	-10.3256	21.9341	5.07971	0.822051	-2.98115	-0.511377
R	23.7057	2.00075	-1.658	11477010450700000	-10.0711	21.972	5.09561	0.691445	-3.00672	-0.508792
L	-9.77038	21.9721	11477010450750000	-9.81592	22.0033	5.10799	0.561215	-3.03216	-0.506128
R	23.8583	1.97952	-1.94202	11477010450800000	-9.56019	22.0282	5.11691	0.431476	-3.05747	-0.503383
L	-9.41029	22.1647	11477010450850000	-9.3041	22.0465	5.1224	0.302344	-3.08264	-0.500558
R	23.6667	1.96328	-2.08374	11477010450900000	-9.04782	22.0584	5.12453	0.17393	-3.10767	-0.497655
L	-8.65675	22.1083	11477010450950000	-8.79151	22.0639	5.12336	0.046341	-3.13255	-0.494673
R	24.0318	1.93703	-2.5966	11477010451000000	-8.53534	22.0631	5.11895	-0.0803171	-3.15728	-0.491613
L	-8.108	22.1304	11477010451050000	-8.27947	22.0559	5.11137	-0.205944	-3.18186	-0.488475
R	23.681	1.87425	-2.30889	11477010451100000	-8.02405	22.0425	5.10068	-0.330441	-3.20629	-0.48526
L	-7.76	22.1292	11477010451150000	-7.76924	22.0229	5.08697	-0.453715	-3.23055	-0.481969
R	23.3797	1.90543	-2.81597	11477010451200000	-7.51519	21.9971	5.07031	-0.575677	-3.25465	-0.478601
L	-7.2723	21.9974	11477010451250000	-7.26204	21.9653	5.05078	-0.696241	-3.27858	-0.475158
R	22.9291	1.85522	-2.60177	11477010451300000	-7.00994	21.9275	5.02847	-0.815324	-3.30234	-0.47164
L	-6.96025	21.824	11477010451350000	-6.75902	21.8838	5.00346	-0.932849	-3.32592	-0.468047
R	22.8515	1.91046	-2.25329	11477010451400000	-6.50942	21.8342	4.97584	-1.04874	-3.34932	-0.46438
L	-6.53769	21.7748	11477010451450000	-6.26126	21.7789	4.94569	-1.16294	-3.37254	-0.46064
R	21.9451	1.82953	-2.21065	11477010451500000	-6.01466	21.7179	4.91312	-1.27537	-3.39557	-0.456828
L	-5.86181	21.6984	11477010451550000	-5.76976	21.6513	4.87822	-1.38597	-3.41841	-0.452943
R	22.6378	1.83554	-3.02758	11477010451600000	-5.52665	21.5793	4.84107	-1.49469	-3.44106	-0.448987
L	-5.2419	21.5904	11477010451650000	-5.28546	21.5018	4.80178	-1.60148	-3.46351	-0.444959
R	21.9323	1.72342	-2.76158	11477010451700000	-5.04628	21.4191	4.76045	-1.70628	-3.48576	-0.440862
L	-4.88396	21.5199	11477010451750000	-4.80922	21.3312	4.71717	-1.80906	-3.5078	-0.436695
R	21.411	1.82089	-2.39499	11477010451800000	-4.57436	21.2382	4.67204	-1.90978	-3.52963	-0.432459
L	-4.20854	21.6781	11477010451850000	-4.34181	21.1401	4.62517	-2.0084	-3.55126	-0.428154
R	21.6745	1.71706	-2.59627	11477010451900000	-4.11165	21.0373	4.57664	-2.10489	-3.57266	-0.423782
L	-4.1265	20.9097	11477010451950000	-3.88395	20.9296	4.52656	-2.19922	-3.59385	-0.419343
R	21.177	1.74013	-3.4256	11477010452000000	-3.65879	20.8173	4.47504	-2.29137	-3.61482	-0.414838
L	-3.36091	20.5346	11477010452050000	-3.43624	20.7004	4.42216	-2.38133	-3.63556	-0.410268
R	20.9289	1.75881	-3.00107	11477010452100000	-3.21637	20.5791	4.36803	-2.46907	-3.65608	-0.405632
L	-2.85438	20.5218	11477010452150000	-2.99923	20.4534	4.31275	-2.5546	-3.67636	-0.400933
R	20.3554	1.63453	-2.83705	11477010452200000	-2.78489	20.3235	4.2564	-2.63789	-3.6964	-0.39617
L	-2.62511	20.1777	11477010452250000	-2.57339	20.1895	4.1991	-2.71895	-3.71621	-0.391345
R	20.3482	1.66812	-3.42673	11477010452300000	-2.36478	20.0515	4.14093	-2.79777	-3.73578	-0.386457
L	-2.13855	19.6683	11477010452350000	-2.1591	19.9097	4.082	-2.87437	-3.7551	-0.381509
R	19.5302	1.67608	-3.57631	11477010452400000	-1.95638	19.764	4.02238	-2.94874	-3.77418	-0.376501
L	-1.65223	19.5396	11477010452450000	-1.75666	19.6147	3.96217	-3.02089	-3.793	-0.371433
R	19.2719	1.60914	-3.8279	11477010452500000	-1.55997	19.4618	3.90147	-3.09085	-3.81158	-0.366307
L	-1.35851	19.3467	11477010452550000	-1.36632	19.3055	3.84036	-3.15861	-3.82989	-0.361122
R	18.8789	1.62461	-3.72811	11477010452600000	-1.17574	19.1458	3.77892	-3.22421	-3.84795	-0.355881
L	-1.08512	18.8972	11477010452650000	-0.988236	18.9829	3.71725	-3.28766	-3.86574	-0.350583
R	18.6774	1.58671	-3.37437	11477010452700000	-0.803824	18.8169	3.65542	-3.34899	-3.88327	-0.34523
L	-0.656428	18.8029	11477010452750000	-0.622508	18.6479	3.59351	-3.40821	-3.90053	-0.339823
R	18.2695	1.59858	-3.70295	11477010452800000	-0.444288	18.476	3.53161	-3.46536	-3.91752	-0.334362
L	-0.472563	18.2416	11477010452850000	-0.269164	18.3013	3.46979	-3.52047	-3.93424	-0.328848
R	18.2045	1.59292	-3.95905	11477010452900000	-0.0971295	18.1238	3.40813	-3.57357	-3.95068	-0.323282
L	0.0904022	17.9513	11477010452950000	0.0718255	17.9438	3.34669	-3.6247	-3.96685	-0.317665
R	17.4814	1.52776	-3.328	11477010453000000	0.237714	17.7612	3.28556	-3.67388	-3.98273	-0.311998
L	0.484895	17.5811	11477010453050000	0.400552	17.5762	3.22479	-3.72115	-3.99833	-0.306282
R	17.9201	1.46778	-3.33018	11477010453100000	0.560361	17.389	3.16445	-3.76656	-4.01364	-0.300517
L	0.558563	17.1082	11477010453150000	0.717162	17.1994	3.10461	-3.81013	-4.02867	-0.294705
R	17.0561	1.52625	-3.71382	11477010453200000	0.870984	17.0078	3.04533	-3.85192	-4.04341	-0.288846
L	0.841759	16.8684	11477010453250000	1.02185	16.8141	2.98666	-3.89195	-4.05785	-0.282942
R	16.9037	1.48938	-4.08118	11477010453300000	1.16981	16.6185	2.92867	-3.93028	-4.072	-0.276993
L	1.10394	16.291	11477010453350000	1.31487	16.4209	2.87142	-3.96695	-4.08584	-0.271
R	16.2948	1.48572	-3.90011	11477010453400000	1.4571	16.2216	2.81494	-4.00199	-4.09939	-0.264965
L	1.8035	15.923	11477010453450000	1.59651	16.0206	2.7593	-4.03546	-4.11264	-0.258887
R	15.8261	1.51851	-3.75117	11477010453500000	1.73317	15.8179	2.70454	-4.06739	-4.12559	-0.252769
L	1.43418	15.5774	11477010453550000	1.86711	15.6137	2.65071	-4.09783	-4.13823	-0.246611
R	15.949	1.41285	-3.75154	11477010453600000	1.99838	15.408	2.59786	-4.12682	-4.15056	-0.240414
L	2.01311	15.1473	11477010453650000	2.12703	15.2009	2.54602	-4.15442	-4.16258	-0.234179
R	15.2999	1.41474	-4.18059	11477010453700000	2.25311	14.9924	2.49524	-4.18065	-4.17429	-0.227907
L	2.39489	14.6113	11477010453750000	2.37668	14.7827	2.44555	-4.20557	-4.18568	-0.221599
R	14.4052	1.42204	-4.00405	11477010453800000	2.49779	14.5718	2.397	-4.22922	-4.19676	-0.215256
L	2.72365	14.4703	11477010453850000	2.6165	14.3597	2.34961	-4.25165	-4.20752	-0.208879
R	14.4804	1.35049	-4.19163	11477010453900000	2.73287	14.1465	2.30343	-4.27288	-4.21797	-0.202469
L	2.81109	13.828	11477010453950000	2.84695	13.9322	2.25847	-4.29298	-4.22809	-0.196027
R	13.5466	1.36989	-3.97167	11477010454000000	2.95882	13.717	2.21478	-4.31197	-4.23789	-0.189554
L	2.8064	13.4294	11477010454050000	3.06854	13.5009	2.17238	-4.32991	-4.24737	-0.183051
R	13.6984	1.38065	-3.60146	11477010454100000	3.17617	13.2839	2.13129	-4.34682	-4.25652	-0.176519
L	3.31266	13.1104	11477010454150000	3.28177	13.0661	2.09154	-4.36275	-4.26535	-0.169959
R	12.7323	1.29198	-3.39699	11477010454200000	3.38542	12.8475	2.05316	-4.37774	-4.27385	-0.163373
L	3.29401	12.964	11477010454250000	3.48718	12.6282	2.01617	-4.39182	-4.28202	-0.156761
R	13.0726	1.26878	-3.63107	11477010454300000	3.58713	12.4083	1.98058	-4.40503	-4.28985	-0.150124
L	3.69076	12.1757	11477010454350000	3.68533	12.1876	1.94641	-4.41741	-4.29736	-0.143463
R	12.4256	1.29554	-3.47374	11477010454400000	3.78186	11.9664	1.9137	-4.42898	-4.30453	-0.136779
L	3.95029	11.7531	11477010454450000	3.87678	11.7446	1.88244	-4.43979	-4.31137	-0.130074
R	12.5098	1.25731	-3.77142	11477010454500000	3.97018	11.5223	1.85266	-4.44986	-4.31788	-0.123349
L	4.04721	11.0677	11477010454550000	4.06213	11.2996	1.82437	-4.45922	-4.32404	-0.116604
R	12.2892	1.18657	-3.37267	11477010454600000	4.1527	11.0763	1.79758	-4.4679	-4.32987	-0.10984
L	4.14933	11.0963	11477010454650000	4.24196	10.8527	1.77231	-4.47593	-4.33537	-0.10306
R	11.6038	1.20666	-3.51281	11477010454700000	4.33	10.6287	1.74858	-4.48333	-4.34052	-0.0962627
L	4.42111	10.4937	11477010454750000	4.41689	10.4043	1.72638	-4.49013	-4.34533	-0.0894504
R	11.2523	1.13435	-3.3665	11477010454800000	4.50271	10.1796	1.70573	-4.49636	-4.3498	-0.0826241
L	4.48366	9.99235	11477010454850000	4.58753	9.95461	1.68663	-4.50203	-4.35393	-0.0757847
R	11.2964	1.11613	-3.52058	11477010454900000	4.67143	9.72935	1.66911	-4.50715	-4.35772	-0.0689333
L	4.65898	9.72335	11477010454950000	4.7545	9.50385	1.65315	-4.51176	-4.36117	-0.062071
R	11.288	1.16269	-3.06661	11477010455000000	4.83681	9.27814	1.63878	-4.51587	-4.36427	-0.0551989
L	4.63217	8.98022	11477010455050000	4.91844	9.05223	1.62599	-4.51949	-4.36703	-0.0483182
R	9.91753	1.03479	-3.26026	11477010455100000	4.99946	8.82616	1.61479	-4.52264	-4.36945	-0.0414297
L	5.05882	8.56623	11477010455150000	5.07997	8.59994	1.60519	-4.52532	-4.37152	-0.0345348
R	9.83645	0.993526	-2.71446	11477010455200000	5.16003	8.37361	1.59718	-4.52755	-4.37325	-0.0276344
L	5.18715	8.02727	11477010455250000	5.23973	8.14717	1.59078	-4.52933	-4.37463	-0.0207296
R	9.40536	0.94707	-2.6519	11477010455300000	5.31916	7.92067	1.58598	-4.53068	-4.37567	-0.0138216
L	5.32495	7.66023	11477010455350000	5.39838	7.6941	1.58279	-4.5316	-4.37636	-0.00691132
R	9.29457	0.904119	-2.519	11477010455400000	5.47748	7.46751	1.5812	-4.53209	-4.3767	1.76893e-16
L	5.34165	7.17527	11477010455450000	5.55654	7.24091	1.58122	-4.53215	-4.3767	0.00691132
R	8.85755	0.897623	-1.91758	11477010455500000	5.63564	7.01431	1.58285	-4.53178	-4.37636	0.0138216
L	5.85104	6.78356	11477010455550000	5.71486	6.78775	1.58608	-4.53098	-4.37567	0.0207296
R	8.72178	0.882466	-2.50321	11477010455600000	5.79428	6.56124	1.59093	-4.52975	-4.37463	0.0276344
L	5.70661	6.33767	11477010455650000	5.87398	6.33481	1.59737	-4.52808	-4.37325	0.0345348
R	7.93031	0.780301	-2.22591	11477010455700000	5.95405	6.10848	1.60542	-4.52597	-4.37152	0.0414297
L	5.95076	5.93707	11477010455750000	6.03455	5.88226	1.61507	-4.52341	-4.36945	0.0483182
R	8.20844	0.757719	-2.4294	11477010455800000	6.11558	5.65619	1.62631	-4.52038	-4.36703	0.0551989
L	6.0423	5.52	11477010455850000	6.19721	5.43028	1.63914	-4.51687	-4.36427	0.062071
R	8.07891	0.694846	-1.87042	11477010455900000	6.27951	5.20457	1.65356	-4.51288	-4.36117	0.0689333
L	6.30992	4.93053	11477010455950000	6.36258	4.97906	1.66956	-4.50838	-4.35772	0.0757847
R	8.412	0.688798	-1.72917	11477010456000000	6.44648	4.7538	1.68714	-4.50337	-4.35393	0.0826241
L	6.64607	4.28476	11477010456050000	6.53131	4.52881	1.70628	-4.49781	-4.3498	0.0894504
R	7.62172	0.568365	-0.919185	11477010456100000	6.61712	4.30411	1.72698	-4.4917	-4.34533	0.0962627
L	6.7837	3.85166	11477010456150000	6.70401	4.07974	1.74923	-4.485	-4.34052	0.10306
R	7.81942	0.494704	-0.430471	11477010456200000	6.79205	3.85571	1.77302	-4.4777	-4.33537	0.10984
L	6.60478	3.66164	11477010456250000	6.88132	3.63207	1.79834	-4.46978	-4.32987	0.116604
R	7.51188	0.463791	-0.344226	11477010456300000	6.97188	3.40885	1.82518	-4.4612	-4.32404	0.123349
L	7.17782	3.43284	11477010456350000	7.06383	3.18607	1.85352	-4.45194	-4.31788	0.130074
R	7.90637	0.452797	0.387948	11477010456400000	7.15723	2.96378	1.88336	-4.44197	-4.31137	0.136779
L	7.23497	2.79647	11477010456450000	7.25216	2.742	1.91468	-4.43125	-4.30453	0.143463
R	8.27136	0.334582	0.127138	11477010456500000	7.34868	2.52078	1.94746	-4.41977	-4.29736	0.150124
L	7.33132	2.35955	11477010456550000	7.44688	2.30016	1.98168	-4.40749	-4.28985	0.156761
R	7.50402	0.234658	0.310857	11477010456600000	7.54683	2.08018	2.01733	-4.39436	-4.28202	0.163373
L	7.58602	1.76558	11477010456650000	7.64859	1.86087	2.0544	-4.38037	-4.27385	0.169959
R	8.17595	0.212361	1.27223	11477010456700000	7.75224	1.6423	2.09284	-4.36546	-4.26535	0.176519
L	7.97494	1.01608	11477010456750000	7.85785	1.42449	2.13266	-4.34961	-4.25652	0.183051
R	8.27378	0.181478	1.56824	11477010456800000	7.96547	1.2075	2.17382	-4.33277	-4.24737	0.189554
L	7.74579	0.856143	11477010456850000	8.07519	0.991377	2.21629	-4.31491	-4.23789	0.196027
R	8.02874	0.0895053	1.97102	11477010456900000	8.18706	0.776179	2.26005	-4.29598	-4.22809	0.202469
L	8.34388	0.562841	11477010456950000	8.30115	0.561955	2.30508	-4.27595	-4.21797	0.208879
R	8.94871	0.0541322	2.07601	11477010457000000	8.41752	0.348763	2.35134	-4.25478	-4.20752	0.215256
L	8.48104	0.291966	11477010457050000	8.53623	0.136661	2.39881	-4.23241	-4.19676	0.221599
R	9.02773	0.000111974	3.22758	11477010457100000	8.65734	-0.0742907	2.44744	-4.20881	-4.18568	0.227907
L	8.96733	-0.139408	11477010457150000	8.78091	-0.28403	2.4972	-4.18394	-4.17429	0.234179
R	8.88178	0.0286427	3.19664	11477010457200000	8.90699	-0.492491	2.54807	-4.15775	-4.16258	0.240414
L	9.16885	-0.602737	11477010457250000	9.03564	-0.699608	2.59998	-4.1302	-4.15056	0.246611
R	9.37826	-0.120924	3.23328	11477010457300000	9.16691	-0.905311	2.65292	-4.10124	-4.13823	0.252769
L	9.13964	-1.3033	11477010457350000	9.30084	-1.10953	2.70683	-4.07084	-4.12559	0.258887
R	9.45041	-0.17779	3.87343	11477010457400000	9.4375	-1.31219	2.76168	-4.03893	-4.11264	0.264965
L	9.84791	-1.57675	11477010457450000	9.57692	-1.51322	2.8174	-4.00549	-4.09939	0.271
R	9.90895	-0.13687	3.30367	11477010457500000	9.71914	-1.71253	2.87396	-3.97047	-4.08584	0.276993
L	9.72359	-1.82788	11477010457550000	9.86421	-1.91005	2.93131	-3.93381	-4.072	0.282942
R	10.1432	-0.20741	4.23664	11477010457600000	10.0122	-2.1057	2.98938	-3.89549	-4.05785	0.288846
L	10.2065	-2.31135	11477010457650000	10.163	-2.29939	3.04813	-3.85546	-4.04341	0.294705
R	10.1503	-0.205279	3.45949	11477010457700000	10.3169	-2.49103	3.1075	-3.81368	-4.02867	0.300517
L	10.5663	-2.86039	11477010457750000	10.4737	-2.68054	3.16742	-3.7701	-4.01364	0.306282
R	11.0207	-0.255791	3.61035	11477010457800000	10.6335	-2.86783	3.22785	-3.72468	-3.99833	0.311998
L	10.6279	-3.02971	11477010457850000	10.7963	-3.05279	3.2887	-3.67739	-3.98273	0.317665
R	11.4067	-0.269936	4.71449	11477010457900000	10.9622	-3.23535	3.34992	-3.62819	-3.96685	0.323282
L	11.141	-3.40911	11477010457950000	11.1311	-3.4154	3.41144	-3.57705	-3.95068	0.328848
R	11.6795	-0.289902	4.59469	11477010458000000	11.3032	-3.59284	3.47319	-3.52392	-3.93424	0.334362
L	11.5914	-3.89091	11477010458050000	11.4783	-3.76758	3.53509	-3.46877	-3.91752	0.339823
R	12.5487	-0.342388	4.51696	11477010458100000	11.6565	-3.9395	3.59707	-3.41158	-3.90053	0.34523
L	11.8945	-4.23758	11477010458150000	11.8378	-4.10852	3.65905	-3.35231	-3.88327	0.350583
R	13.2312	-0.347548	4.7528	11477010458200000	12.0223	-4.27453	3.72095	-3.29094	-3.86574	0.355881
L	12.298	-4.45269	11477010458250000	12.2098	-4.43741	3.7827	-3.22744	-3.84795	0.361122
R	13.1149	-0.337211	5.1466	11477010458300000	12.4003	-4.59707	3.84421	-3.16178	-3.82989	0.366307
L	12.6495	-4.63194	11477010458350000	12.594	-4.75339	3.90539	-3.09395	-3.81158	0.371433
R	13.9499	-0.357119	4.67871	11477010458400000	12.7907	-4.90626	3.96616	-3.02393	-3.793	0.376501
L	13.118	-5.15028	11477010458450000	12.9904	-5.05558	4.02643	-2.95171	-3.77418	0.381509
R	13.634	-0.388333	4.78907	11477010458500000	13.1931	-5.20124	4.0861	-2.87726	-3.7551	0.386457
L	13.2779	-5.50545	11477010458550000	13.3988	-5.34312	4.1451	-2.80059	-3.73578	0.391345
R	14.7125	-0.344033	5.58976	11477010458600000	13.6074	-5.48111	4.20332	-2.72168	-3.71621	0.39617
L	13.699	-5.67898	11477010458650000	13.8189	-5.6151	4.26067	-2.64053	-3.6964	0.400933
R	15.4817	-0.378276	5.35185	11477010458700000	14.0332	-5.74499	4.31706	-2.55715	-3.67636	0.405632
L	14.392	-5.96477	11477010458750000	14.2504	-5.87065	4.37238	-2.47154	-3.65608	0.410268
R	15.8078	-0.403512	5.23229	11477010458800000	14.4703	-5.99197	4.42655	-2.38369	-3.63556	0.414838
L	14.7763	-6.0709	11477010458850000	14.6928	-6.10885	4.47946	-2.29364	-3.61482	0.419343
R	15.9204	-0.394043	5.33617	11477010458900000	14.918	-6.22118	4.53101	-2.20138	-3.59385	0.423782
L	14.8509	-6.21469	11477010458950000	15.1457	-6.32884	4.58111	-2.10694	-3.57266	0.428154
R	17.0034	-0.390016	5.06878	11477010459000000	15.3758	-6.43173	4.62966	-2.01035	-3.55126	0.432459
L	15.6399	-6.57617	11477010459050000	15.6084	-6.52973	4.67655	-1.91162	-3.52963	0.436695
R	17.0621	-0.397524	5.55762	11477010459100000	15.8432	-6.62276	4.72169	-1.81079	-3.5078	0.440862
L	16.2265	-6.97743	11477010459150000	16.0803	-6.71069	4.76497	-1.7079	-3.48576	0.444959
R	17.2182	-0.404789	4.76618	11477010459200000	16.3195	-6.79342	4.8063	-1.60298	-3.46351	0.448987
L	16.6141	-7.09003	11477010459250000	16.5607	-6.87087	4.84558	-1.49608	-3.44106	0.452943
R	17.9931	-0.421075	5.08123	11477010459300000	16.8038	-6.94292	4.88271	-1.38725	-3.41841	0.456828
L	17.0335	-7.12355	11477010459350000	17.0487	-7.00949	4.9176	-1.27653	-3.39557	0.46064
R	18.4115	-0.380544	4.84697	11477010459400000	17.2953	-7.07048	4.95015	-1.16398	-3.37254	0.46438
L	17.6002	-7.00217	11477010459450000	17.5434	-7.1258	4.98026	-1.04968	-3.34932	0.468047
R	19.2529	-0.320872	5.45524	11477010459500000	17.793	-7.17537	5.00785	-0.933668	-3.32592	0.47164
L	18.068	-7.13549	11477010459550000	18.044	-7.21909	5.03282	-0.816029	-3.30234	0.475158
R	19.3146	-0.32416	4.7152	11477010459600000	18.2961	-7.2569	5.05509	-0.696834	-3.27858	0.478601
L	18.5372	-7.26977	11477010459650000	18.5492	-7.28872	5.07456	-0.57616	-3.25465	0.481969
R	20.791	-0.34674	5.05897	11477010459700000	18.8033	-7.31446	5.09116	-0.454089	-3.23055	0.48526
L	18.9302	-7.29311	11477010459750000	19.0581	-7.33408	5.10481	-0.330708	-3.20629	0.488475
R	20.5554	-0.414342	4.74277	11477010459800000	19.3135	-7.3475	5.11543	-0.206107	-3.18186	0.491613
L	19.9881	-7.22324	11477010459850000	19.5694	-7.35466	5.12294	-0.0803797	-3.15728	0.494673
R	21.3442	-0.34181	5.04933	11477010459900000	19.8255	-7.35551	5.12728	0.0463764	-3.13255	0.497655
L	20.3189	-7.25458	11477010459950000	20.0818	-7.35	5.12836	0.17406	-3.10767	0.500558
R	21.546	-0.373546	5.31821	11477010460000000	20.3381	-7.33809	5.12615	0.302565	-3.08264	0.503383
L	20.4141	-7.35358	11477010460050000	20.5942	-7.31974	5.12056	0.431784	-3.05747	0.506128
R	22.1427	-0.319835	4.4678	11477010460100000	20.8499	-7.29491	5.11155	0.561605	-3.03216	0.508792
L	21.1782	-7.07525	11477010460150000	21.1051	-7.26358	5.09906	0.691914	-3.00672	0.511377
R	22.6944	-0.309935	4.78757	11477010460200000	21.3596	-7.22573	5.08306	0.822593	-2.98115	0.513881
L	21.5691	-7.50657	11477010460250000	21.6132	-7.18134	5.06349	0.953522	-2.95546	0.516304
R	23.3556	-0.292907	3.86602	11477010460300000	21.8657	-7.1304	5.04032	1.08458	-2.92964	0.518645
L	22.4821	-6.84052	11477010460350000	22.117	-7.07291	5.01352	1.21564	-2.90371	0.520904
R	23.3766	-0.33828	3.66743	11477010460400000	22.3669	-7.00887	4.98307	1.34657	-2.87767	0.523081
L	22.3914	-6.78652	11477010460450000	22.6151	-6.93829	4.94893	1.47726	-2.85151	0.525175
R	23.9513	-0.335625	4.50988	11477010460500000	22.8616	-6.86119	4.9111	1.60756	-2.82525	0.527187
L	23.0586	-7.02348	11477010460550000	23.106	-6.77759	4.86956	1.73734	-2.79889	0.529115
R	23.8489	-0.318144	3.84582	11477010460600000	23.3483	-6.68751	4.82431	1.86648	-2.77244	0.53096
L	23.5581	-6.66759	11477010460650000	23.5883	-6.59099	4.77535	1.99484	-2.74589	0.532721
R	25.0142	-0.290097	4.29957	11477010460700000	23.8257	-6.48809	4.72269	2.12228	-2.71925	0.534397
L	23.8837	-6.42686	11477010460750000	24.0604	-6.37883	4.66633	2.24867	-2.69253	0.53599
R	25.1152	-0.248484	3.633	11477010460800000	24.2922	-6.26328	4.6063	2.37389	-2.66574	0.537497
L	24.6144	-6.12588	11477010460850000	24.5209	-6.14151	4.54262	2.49779	-2.63886	0.53892
R	25.4991	-0.234446	4.26814	11477010460900000	24.7463	-6.01357	4.47532	2.62023	-2.61191	0.540258
L	24.9561	-5.97289	11477010460950000	24.9683	-5.87956	4.40444	2.7411	-2.5849	0.54151
R	25.8195	-0.218725	3.51418	11477010461000000	25.1866	-5.73954	4.33001	2.86026	-2.55783	0.542677
L	25.5127	-5.65871	11477010461050000	25.4011	-5.5936	4.25209	2.97757	-2.53069	0.543758
R	25.8492	-0.23777	3.26176	11477010461100000	25.6117	-5.44185	4.17073	3.09291	-2.5035	0.544754
L	25.5133	-5.02906	11477010461150000	25.8181	-5.28439	4.08598	3.20616	-2.47627	0.545663
R	26.4007	-0.200502	3.21497	11477010461200000	26.0202	-5.12131	3.99791	3.31719	-2.44898	0.546486
L	26.1696	-5.15715	11477010461250000	26.2178	-4.95274	3.90659	3.42588	-2.42166	0.547223
R	26.9392	-0.114944	2.97387	11477010461300000	26.4107	-4.7788	3.81209	3.53212	-2.3943	0.547873
L	26.6275	-4.42212	11477010461350000	26.5989	-4.5996	3.7145	3.63578	-2.3669	0.548437
R	27.21	-0.158024	3.39005	11477010461400000	26.7821	-4.41529	3.6139	3.73676	-2.33948	0.548915
L	26.7603	-4.37714	11477010461450000	26.9602	-4.226	3.51038	3.83494	-2.31204	0.549305
R	27.2701	-0.130741	3.50325	11477010461500000	27.1331	-4.03186	3.40403	3.93023	-2.28457	0.549609
L	27.5646	-3.84582	11477010461550000	27.3006	-3.83304	3.29495	4.02252	-2.25709	0.549826
R	28.1558	-0.135447	2.31239	11477010461600000	27.4625	-3.62967	3.18325	4.11172	-2.2296	0.549957
L	27.8006	-3.49682	11477010461650000	27.6188	-3.42193	3.06903	4.19774	-2.2021	0.55
R	28.2649	-0.0878275	2.33663	11477010461700000	27.7694	-3.20995	2.95242	4.28049	-2.1746	0.549957
L	27.8439	-2.91563	11477010461750000	27.914	-2.99393	2.83351	4.35989	-2.1471	0.549826
R	28.1518	-0.0860601	2.34646	11477010461800000	28.0527	-2.77401	2.71243	4.43586	-2.11961	0.549609
L	28.0346	-2.4696	11477010461850000	28.1853	-2.55039	2.5893	4.50833	-2.09213	0.549305
R	28.4323	-0.0869735	1.72864	11477010461900000	28.3116	-2.32322	2.46425	4.57724	-2.06467	0.548915
L	28.5977	-2.18783	11477010461950000	28.4317	-2.0927	2.3374	4.64252	-2.03722	0.548437
R	28.7664	-0.0755253	2.21373	11477010462000000	28.5453	-1.859	2.20888	4.70412	-2.0098	0.547873
L	28.8261	-1.68876	11477010462050000	28.6526	-1.62231	2.07883	4.76199	-1.98241	0.547223
R	28.3626	-0.0595184	2.12179	11477010462100000	28.7532	-1.38282	1.94737	4.8161	-1.95504	0.546486
L	28.9751	-1.03856	11477010462150000	28.8473	-1.14071	1.81465	4.86639	-1.92772	0.545663
R	28.4666	-0.0114916	1.80809	11477010462200000	28.9347	-0.896184	1.6808	4.91284	-1.90044	0.544754
L	29.0173	-0.634573	11477010462250000	29.0154	-0.649428	1.54595	4.95543	-1.8732	0.543758
R	28.962	0.00560416	1.04206	11477010462300000	29.0893	-0.400636	1.41024	4.99413	-1.84601	0.542677
L	29.0872	-0.363706	11477010462350000	29.1564	-0.150004	1.27382	5.02893	-1.81888	0.54151
R	29.7786	0.0386034	0.860644	11477010462400000	29.2167	0.102274	1.13682	5.05982	-1.7918	0.540258
L	29.2861	0.404402	11477010462450000	29.2701	0.356002	0.999371	5.08681	-1.76479	0.53892
R	29.2	0.0391822	1.01864	11477010462500000	29.3166	0.610984	0.861619	5.10989	-1.73784	0.537497
L	29.5469	0.605555	11477010462550000	29.3563	0.867027	0.723698	5.12908	-1.71097	0.53599
R	29.4901	0.0806869	0.521819	11477010462600000	29.389	1.12393	0.585743	5.14439	-1.68417	0.534397
L	29.5867	1.42748	11477010462650000	29.4149	1.38152	0.447888	5.15584	-1.65745	0.532721
R	29.9985	0.0658457	0.548543	11477010462700000	29.4338	1.63957	0.310266	5.16347	-1.63081	0.53096
L	29.4282	1.86217	11477010462750000	29.4459	1.89792	0.173006	5.1673	-1.60426	0.529115
R	29.7577	0.0477061	0.0341958	11477010462800000	29.4512	2.15637	0.0362376	5.16738	-1.57781	0.527187
L	29.4355	2.62855	11477010462850000	29.4496	2.41474	-0.0999139	5.16374	-1.55145	0.525175
R	29.6103	0.0759073	0.0213371	11477010462900000	29.4412	2.67283	-0.235325	5.15644	-1.52519	0.523081
L	29.7424	3.20057	11477010462950000	29.426	2.93047	-0.369875	5.14552	-1.49904	0.520904
R	29.1649	0.127972	0.182886	11477010463000000	29.4042	3.18747	-0.503448	5.13105	-1.47299	0.518645
L	29.5679	3.37337	11477010463050000	29.3757	3.44367	-0.635928	5.11309	-1.44706	0.516304
R	29.3407	0.135565	-0.126351	11477010463100000	29.3406	3.69889	-0.767205	5.09171	-1.42124	0.513881
L	29.2254	3.70749	11477010463150000	29.299	3.95295	-0.897172	5.06698	-1.39555	0.511377
R	30.007	0.141229	-0.0923743	11477010463200000	29.2509	4.2057	-1.02573	5.03897	-1.36998	0.508792
L	29.0468	4.29607	11477010463250000	29.1964	4.45697	-1.15277	5.00776	-1.34454	0.506128
R	29.2763	0.16328	-0.5241	11477010463300000	29.1356	4.7066	-1.2782	4.97344	-1.31924	0.503383
L	28.9789	5.02462	11477010463350000	29.0686	4.95444	-1.40194	4.93609	-1.29407	0.500558
R	29.2079	0.180669	-0.350952	11477010463400000	28.9954	5.20034	-1.52389	4.8958	-1.26904	0.497655
L	29.2109	5.37581	11477010463450000	28.9162	5.44416	-1.64397	4.85267	-1.24416	0.494673
R	29.1966	0.267838	-0.938512	11477010463500000	28.831	5.68575	-1.7621	4.80678	-1.21942	0.491613
L	28.7725	5.9562	11477010463550000	28.7399	5.92498	-1.87822	4.75823	-1.19484	0.488475
R	29.0008	0.257248	-1.2147	11477010463600000	28.6431	6.16173	-1.99225	4.70713	-1.17042	0.48526
L	28.5522	6.35276	11477010463650000	28.5407	6.39585	-2.10412	4.65358	-1.14615	0.481969
R	30.1997	0.252545	-1.14542	11477010463700000	28.4327	6.62724	-2.21379	4.59767	-1.12206	0.478601
L	28.4717	6.70428	11477010463750000	28.3192	6.85578	-2.32119	4.53952	-1.09813	0.475158
R	28.8068	0.219168	-1.09549	11477010463800000	28.2005	7.08135	-2.42628	4.47922	-1.07437	0.47164
L	28.123	7.60344	11477010463850000	28.0765	7.30386	-2.529	4.41689	-1.05079	0.468047
R	28.9885	0.2934	-1.47507	11477010463900000	27.9475	7.52321	-2.62933	4.35263	-1.02738	0.46438
L	27.9059	7.76757	11477010463950000	27.8135	7.73929	-2.72722	4.28656	-1.00416	0.46064
R	28.5907	0.291588	-1.64323	11477010464000000	27.6747	7.95203	-2.82265	4.21877	-0.981133	0.456828
L	27.46	8.20897	11477010464050000	27.5312	8.16134	-2.91558	4.14938	-0.958291	0.452943
R	28.6636	0.255581	-2.2777	11477010464100000	27.3831	8.36714	-3.00599	4.07849	-0.935644	0.448987
L	27.3044	8.47237	11477010464150000	27.2305	8.56936	-3.09388	4.00622	-0.913195	0.444959
R	28.6427	0.344708	-2.20119	11477010464200000	27.0736	8.76794	-3.17922	3.93267	-0.890947	0.440862
L	26.5692	9.29585	11477010464250000	26.9125	8.9628	-3.262	3.85794	-0.868904	0.436695
R	27.6623	0.314872	-1.95549	11477010464300000	26.7473	9.1539	-3.34223	3.78216	-0.847069	0.432459
L	26.3716	9.20367	11477010464350000	26.5781	9.34119	-3.4199	3.70541	-0.825446	0.428154
R	28.1944	0.361508	-1.88594	11477010464400000	26.4052	9.52461	-3.49502	3.62781	-0.804038	0.423782
L	26.1471	9.89295	11477010464450000	26.2285	9.70414	-3.56759	3.54945	-0.782849	0.419343
R	27.5414	0.400846	-1.78031	11477010464500000	26.0483	9.87973	-3.63763	3.47045	-0.761882	0.414838
L	25.8724	9.91294	11477010464550000	25.8646	10.0514	-3.70515	3.39089	-0.74114	0.410268
R	27.7723	0.391352	-2.64594	11477010464600000	25.6776	10.219	-3.77016	3.31087	-0.720627	0.405632
L	25.4369	10.1104	11477010464650000	25.4875	10.3826	-3.8327	3.2305	-0.700345	0.400933
R	27.2407	0.45429	-2.4083	11477010464700000	25.2942	10.5422	-3.89278	3.14987	-0.680299	0.39617
L	24.8955	10.6742	11477010464750000	25.098	10.6978	-3.95044	3.06906	-0.66049	0.391345
R	26.6805	0.42068	-2.29065	11477010464800000	24.899	10.8493	-4.00571	2.98817	-0.640923	0.386457
L	24.6024	10.8869	11477010464850000	24.6973	10.9967	-4.05861	2.90729	-0.6216	0.381509
R	27.2995	0.481408	-2.74983	11477010464900000	24.493	11.1402	-4.10919	2.8265	-0.602524	0.376501
L	24.3047	11.321	11477010464950000	24.2862	11.2795	-4.15749	2.74589	-0.583699	0.371433
R	26.7287	0.403111	-2.98741	11477010465000000	24.0771	11.4149	-4.20354	2.66553	-0.565128	0.366307
L	23.7789	11.2152	11477010465050000	23.8657	11.5462	-4.24739	2.58551	-0.546812	0.361122
R	26.3438	0.4487	-2.6865	11477010465100000	23.6522	11.6736	-4.28909	2.50589	-0.528756	0.355881
L	23.3423	11.7567	11477010465150000	23.4366	11.797	-4.32868	2.42676	-0.510962	0.350583
R	25.9606	0.491651	-2.90042	11477010465200000	23.2191	11.9164	-4.36622	2.34818	-0.493433	0.34523
L	22.8321	12.0192	11477010465250000	22.9998	12.0319	-4.40174	2.27022	-0.476172	0.339823
R	25.9237	0.502411	-2.84112	11477010465300000	22.7788	12.1436	-4.43532	2.19295	-0.45918	0.334362
L	22.4654	12.1469	11477010465350000	22.5561	12.2513	-4.46699	2.11642	-0.442462	0.328848
R	25.3709	0.487159	-2.50391	11477010465400000	22.3319	12.3553	-4.49681	2.04071	-0.42602	0.323282
L	21.7874	12.3787	11477010465450000	22.1062	12.4555	-4.52484	1.96586	-0.409856	0.317665
R	25.4642	0.524388	-3.20843	11477010465500000	21.8792	12.552	-4.55114	1.89194	-0.393973	0.311998
L	21.515	12.5172	11477010465550000	21.6509	12.6448	-4.57575	1.81899	-0.378373	0.306282
R	24.7858	0.508782	-2.85022	11477010465600000	21.4215	12.734	-4.59875	1.74706	-0.363059	0.300517
L	21.2694	13.1512	11477010465650000	21.1909	12.8197	-4.62018	1.6762	-0.348033	0.294705
R	24.7693	0.582848	-3.37235	11477010465700000	20.9593	12.9018	-4.6401	1.60647	-0.333298	0.288846
L	20.8491	12.9353	11477010465750000	20.7267	12.9804	-4.65858	1.53789	-0.318855	0.282942
R	24.4756	0.52019	-3.81704	11477010465800000	20.4932	13.0557	-4.67567	1.47051	-0.304708	0.276993
L	20.2433	13.2333	11477010465850000	20.2589	13.1276	-4.69142	1.40437	-0.290859	0.271
R	23.5219	0.617665	-2.98195	11477010465900000	20.0239	13.1962	-4.70591	1.3395	-0.277309	0.264965
L	19.89	13.0662	11477010465950000	19.7882	13.2616	-4.71918	1.27594	-0.26406	0.258887
R	23.7302	0.653463	-3.17599	11477010466000000	19.5518	13.3239	-4.73129	1.21372	-0.251116	0.252769
L	18.9873	13.4215	11477010466050000	19.3149	13.3831	-4.7423	1.15287	-0.238478	0.246611
R	23.079	0.580382	-3.39855	11477010466100000	19.0774	13.4392	-4.75226	1.09341	-0.226147	0.240414
L	18.7874	13.332	11477010466150000	18.8395	13.4925	-4.76124	1.03538	-0.214126	0.234179
R	22.6442	0.65473	-3.51399	11477010466200000	18.6011	13.5429	-4.76928	0.97879	-0.202417	0.227907
L	18.5012	13.776	11477010466250000	18.3624	13.5904	-4.77644	0.923668	-0.191022	0.221599
R	22.5237	0.700327	-3.01068	11477010466300000	18.1233	13.6353	-4.78278	0.870034	-0.179942	0.215256
L	17.9436	13.7469	11477010466350000	17.8839	13.6775	-4.78834	0.817907	-0.169179	0.208879
R	22.7502	0.660314	-3.66731	11477010466400000	17.6443	13.7172	-4.79318	0.767303	-0.158735	0.202469
L	17.3027	13.7285	11477010466450000	17.4044	13.7543	-4.79734	0.718238	-0.148612	0.196027
R	22.3047	0.6985	-3.49047	11477010466500000	17.1644	13.789	-4.80088	0.670728	-0.138811	0.189554
L	16.9456	13.9531	11477010466550000	16.9242	13.8214	-4.80385	0.624784	-0.129333	0.183051
R	21.4857	0.634543	-3.33986	11477010466600000	16.6839	13.8516	-4.80628	0.580418	-0.12018	0.176519
L	16.6201	13.7709	11477010466650000	16.4434	13.8795	-4.80823	0.537642	-0.111355	0.169959
R	21.3179	0.701197	-3.06948	11477010466700000	16.2029	13.9054	-4.80974	0.496465	-0.102857	0.163373
L	16.1305	13.8507	11477010466750000	15.9623	13.9292	-4.81085	0.456895	-0.0946879	0.156761
R	20.9293	0.683855	-3.16826	11477010466800000	15.7217	13.9511	-4.8116	0.418941	-0.0868499	0.150124
L	15.4765	13.9799	11477010466850000	15.481	13.9712	-4.81203	0.382607	-0.0793437	0.143463
R	21.1063	0.735986	-3.46971	11477010466900000	15.2404	13.9895	-4.81218	0.347902	-0.0721706	0.136779
L	15.2167	14.0962	11477010466950000	14.9997	14.006	-4.81208	0.314829	-0.0653316	0.130074
R	20.9202	0.689065	-3.52552	11477010467000000	14.7591	14.021	-4.81178	0.283394	-0.0588279	0.123349
L	14.4216	13.9722	11477010467050000	14.5184	14.0344	-4.8113	0.2536	-0.0526604	0.116604
R	19.7591	0.77738	-3.42502	11477010467100000	14.2778	14.0464	-4.81067	0.22545	-0.0468302	0.10984
L	13.7936	14.0438	11477010467150000	14.0373	14.057	-4.80993	0.198947	-0.0413382	0.10306
R	18.8493	0.830603	-3.17434	11477010467200000	13.7967	14.0663	-4.8091	0.174094	-0.0361852	0.0962627
L	13.5367	14.0609	11477010467250000	13.5563	14.0745	-4.80821	0.150893	-0.0313721	0.0894504
R	19.0412	0.806608	-3.15072	11477010467300000	13.3158	14.0815	-4.80729	0.129345	-0.0268996	0.0826241
L	13.1207	13.9437	11477010467350000	13.0755	14.0874	-4.80635	0.109452	-0.0227684	0.0757847
R	18.7125	0.801871	-3.07594	11477010467400000	12.8351	14.0925	-4.80542	0.0912136	-0.0189791	0.0689333
L	12.65	13.9493	11477010467450000	12.5949	14.0966	-4.80452	0.074632	-0.0155325	0.062071
R	18.8395	0.835411	-2.91284	11477010467500000	12.3546	14.1	-4.80366	0.0597074	-0.0124289	0.0551989
L	12.3331	14.277	11477010467550000	12.1144	14.1026	-4.80286	0.0464402	-0.00966898	0.0483182
R	18.5882	0.902056	-2.82279	11477010467600000	11.8743	14.1046	-4.80214	0.0348309	-0.00725307	0.0414297
L	11.5002	13.8978	11477010467650000	11.6342	14.1061	-4.80151	0.0248797	-0.00518158	0.0345348
R	18.6302	0.914202	-2.67944	11477010467700000	11.3941	14.1072	-4.80098	0.0165867	-0.00345484	0.0276344
L	11.0254	14.2062	11477010467750000	11.1541	14.1078	-4.80056	0.00995216	-0.00207312	0.0207296
R	18.0394	0.897837	-3.23191	11477010467800000	10.914	14.1082	-4.80025	0.00497615	-0.00103664	0.0138216
L	10.468	14.0591	11477010467850000	10.674	14.1084	-4.80006	0.00165874	-0.000345566	0.00691132
R	17.6059	0.924253	-3.02029	11477010467900000	10.434	14.1084	-4.8	-7.24264e-15	1.50888e-15	-3.53787e-16

