3.9611 3.0937
4.0378 -0.0081013
4.1173 0.0055507
4.2066 0.011087
4.3007 -0.0010223
4.4045 -0.0090234
4.5035 -0.014111
4.6065 -0.017584
4.7151 0.018502
4.8266 0.006273
4.916 -0.018522
4.9967 -0.014179
5.091 -0.012604
5.1834 -0.002223
5.2767 0.0004154
5.3674 -0.026782
5.4562 -0.02674
5.5519 -0.036605
5.6565 -0.039559
5.7666 -0.014503
5.8717 -0.0069656
5.959 -0.037946
6.0222 -0.045347
6.1069 -0.037597
6.1874 -0.019948
6.2541 -0.018683
6.3249 -0.023634
6.392 -0.029916
6.4731 -0.03389
6.5537 -0.05098
6.6397 -0.02336
6.7252 -0.016004
6.814 -0.025101
6.9092 -0.03525
7.0038 -0.036396
7.1017 -0.038941
7.1992 -0.024749
7.2887 -0.033367
7.3816 -0.043233
7.4695 -0.032556
7.5606 -0.060268
7.6526 -0.034995
7.7373 -0.01959
7.824 -0.032617
7.9128 -0.035272
7.9924 -0.034581
8.0754 -0.026921
8.1564 -0.027393
8.2361 -0.03609
8.3144 -0.029076
8.3902 -0.02
8.4691 -0.013057
8.5472 -0.03007
8.6187 -0.03245
8.6921 -0.020165
8.7388 -0.018936
8.796 -0.038675
8.8422 -0.020189
8.8935 -0.032783
8.954 -0.021871
9.0165 -0.025216
9.0837 -0.036046
9.1524 -0.025898
9.2263 -0.022973
9.2961 -0.024165
9.3701 -0.035696
9.437 -0.022841
9.5038 -0.012063
9.5713 -0.019954
9.6374 -0.034036
9.7065 -0.019607
9.7721 -0.018726
9.843 -0.026271
9.9102 -0.022522
9.9791 -0.025326
10.042 -0.021468
10.112 -0.020616
10.18 -0.019305
10.244 -0.018209
10.307 -0.019129
10.371 -0.021719
10.435 -0.012257
10.497 -0.019313
10.56 -0.022022
10.622 -0.012914
10.681 -0.02112
10.747 -0.021834
10.807 -0.008972
10.867 -0.022371
10.924 -0.020341
10.979 -0.022309
11.036 -0.018444
11.088 -0.017804
11.141 -0.021136
11.193 -0.019239
11.245 -0.013305
11.301 -0.017993
11.349 -0.010526
11.394 -0.018361
11.433 -0.023577
11.474 -0.014681
11.512 -0.019625
11.547 -0.015175
11.581 -0.010617
11.621 -0.018562
11.663 -0.0098695
11.7 -0.0095941
11.736 -0.019947
11.774 -0.0056553
11.807 -0.002084
11.842 -0.0004887
11.869 0.0028544
11.879 -0.0031402
11.898 -0.0002716
11.912 0.0008495
11.928 -0.0037468
11.945 0.0094224
11.966 -0.003672
11.984 0.0037347
12.008 0.0018744
12.036 -0.0076742
12.063 -0.0045756
12.091 -0.0072627
12.111 -0.00053838
12.135 -0.0038314
12.16 -0.0051192
12.184 0.0022483
12.209 -0.0071204
12.233 -0.0024912
12.257 -0.0038738
12.282 -0.0021054
12.302 0.002754
12.328 -0.0083582
12.351 0.0041259
12.374 -0.0022505
12.4 -0.0033352
12.422 0.00060584
12.447 -0.0027724
12.472 -0.0020078
12.498 0.0025069
12.522 0.010299
12.548 0.01339
12.569 0.023513
12.595 0.017954
12.618 0.020302
12.644 0.020554
12.666 0.015921
12.689 0.012987
12.708 0.01102
12.708 0.0037348
12.71 0.0034954
12.714 -0.00091488
12.724 -0.0013533
12.741 -0.0029236
12.755 -0.0032029
12.773 -0.010965
12.785 -0.00087022
12.799 -0.0045682
12.813 -0.0050355
12.825 0.00020888
12.84 -0.0094166
12.85 -0.0059931
12.866 -0.003294
12.882 -0.0028021
12.894 -0.0041693
12.908 -0.0058769
12.924 -0.0049951
12.937 -0.0040862
12.951 -0.0068494
12.965 -0.0034922
12.979 -0.010867
12.993 -0.0025045
13.009 -0.0072036
13.023 -0.00035148
13.037 -0.0046268
13.049 -0.0027798
13.063 -0.0045536
13.078 0.0019309
13.093 0.0032612
13.109 0.0019968
13.124 0.0040852
13.14 -0.00020622
13.156 -0.00049422
13.172 -0.0010403
13.194 -0.0081577
13.213 -0.0022122
13.237 -0.0049289
13.266 0.0061404
13.293 -0.0018808
13.318 0.0026776
13.345 0.0062851
13.374 0.0077601
13.403 0.0045461
13.434 0.0009297
13.469 -0.0026745
13.509 -0.0093767
13.535 -0.006893
13.543 -0.00072426
13.533 0.0048808
13.513 0.0047554
13.485 0.0083418
13.459 0.0016365
13.43 0.00026592
13.398 -0.0072904
13.359 -0.01037
13.306 -0.01047
13.253 -0.0026417
13.198 0.0025553
13.143 0.0068325
13.087 0.012413
13.023 0.00071651
12.952 0.002894
12.874 -0.0049647
12.796 -0.0012421
12.711 -0.0066034
12.625 -0.00084486
12.532 -0.0030687
12.43 0.00030691
12.321 0.0056972
12.209 0.0027735
12.089 -0.010119
11.959 -0.0026751
11.826 -0.0065709
11.685 -0.013067
11.534 -0.010488
11.377 -0.013462
11.209 -0.020175
11.02 -0.021769
10.82 -0.019347
10.612 -0.02819
10.401 -0.033221
10.181 -0.041701
9.9693 -0.055318
9.7639 -0.075057
9.5616 -0.084197
9.3565 -0.10219
9.1555 -0.11631
8.9471 62.697
8.7399 -0.15614
8.5367 -0.16755
8.345 -0.18545
8.1617 -0.22184
7.9794 -0.21553
7.8222 -0.21235
7.7021 -0.25223
7.6321 -0.27135
7.5716 -0.24531
7.5156 -0.27434
7.4705 -0.30416
7.4201 -0.33879
7.3695 -0.30892
7.318 -0.31116
7.2674 -0.30537
7.2149 -0.31401
7.1657 -0.31224
7.1142 -0.32524
7.0584 -0.32148
7.0065 -0.3278
6.9697 -0.30607
6.9604 -0.30641
6.9611 -0.29762
6.9599 -0.33559
6.9786 -0.35849
6.9926 -0.3225
7.007 -0.3094
7.0199 -0.31671
7.0329 -0.34671
7.0469 -0.33027
7.0702 -0.30204
7.091 -0.28348
7.109 -0.32164
7.1279 -0.32204
7.1544 -0.3166
7.1884 -0.29033
7.2133 -0.30732
7.2408 -0.33656
7.2719 -0.32181
7.3034 -0.29986
7.3255 -0.34192
7.3485 -0.36509
7.3702 -0.33589
7.39 -0.31894
7.409 -0.33046
7.4307 -0.32566
7.4445 -0.32481
7.4584 -0.33894
7.4766 -0.33318
7.4915 -0.30274
7.5043 -0.31613
7.5244 -0.32705
7.5459 -0.32561
7.5656 -0.31532
7.5889 -0.32424
7.6135 -0.32823
7.6428 -0.31489
7.6744 -0.28958
7.7119 -0.29054
7.7373 -0.31576
7.7697 -0.34293
7.8011 -0.31131
7.834 -0.26692
7.8614 -0.29625
7.8934 -0.32746
7.9228 -0.3078
7.949 -0.31704
7.981 -0.29839
8.005 -0.28395
8.0407 -0.27732
8.0713 -0.28146
8.1007 -0.30603
8.1336 -0.27445
8.1617 -0.26913
8.1919 -0.26891
8.2138 -0.29173
8.2441 -0.29336
8.2633 -0.29461
8.2892 -0.31896
8.3108 -0.33408
8.3349 -0.30958
8.3591 -0.32219
8.3817 -0.34011
8.4021 -0.33884
8.4168 -0.32208
8.4345 -0.34064
8.4543 -0.34437
8.473 -0.35299
8.492 -0.34625
8.513 -0.35003
8.5348 -0.37688
8.5527 -0.39553
8.5615 -0.38276
8.5724 -0.37476
8.582 -0.37933
8.5906 -0.3589
8.6039 -0.34553
8.6144 -0.35583
8.6328 -0.33803
8.6482 -0.32311
8.6712 -0.33098
8.7009 -0.34291
8.7409 -0.29327
8.7845 -0.25643
8.8275 -0.23257
8.8745 -0.20817
8.9177 -0.17382
8.9631 -0.17629
9.0106 -0.16784
9.0601 -0.14697
9.1092 -0.10986
9.159 -0.055838
9.2058 -0.02442
9.2539 -0.018594
9.3007 -0.021385
9.3476 -0.01924
9.3971 -0.020981
9.4439 -0.012864
9.49 -0.0096395
9.5346 -0.010486
9.5816 0.0013852
9.628 -0.00023482
9.6712 0.0011654
9.7127 0.012689
9.7588 0.014744
9.803 0.017761
9.844 0.017206
9.8869 0.024762
9.9279 0.026771
9.9697 0.041613
10.012 0.035839
10.054 0.045158
10.094 0.054572
10.138 0.046866
10.181 0.053906
10.223 0.05033
10.266 0.05846
10.309 0.057837
10.35 0.077476
10.394 0.089767
10.437 0.089822
10.479 0.098435
10.525 0.091628
10.572 0.0892
10.615 0.089907
10.662 0.078141
10.711 0.083221
10.753 0.089709
10.799 0.10036
10.845 0.089028
10.89 0.069919
10.928 0.060034
10.967 0.060914
11.007 0.058691
11.048 0.062802
11.089 0.072182
11.126 0.068513
11.163 0.068036
11.199 0.064221
11.232 0.05859
11.267 0.05888
11.296 0.060136
11.332 0.060837
11.36 0.065795
11.394 0.060495
11.417 0.059802
11.43 0.065857
11.445 0.05555
11.458 0.060464
11.471 0.057198
11.483 0.048862
11.491 0.054978
11.5 0.048207
11.509 0.042017
11.514 0.050169
11.511 0.047094
11.517 0.054762
11.512 0.052522
11.508 0.058145
11.505 0.052874
11.494 0.059525
11.484 0.055317
11.478 0.057184
11.467 0.057212
11.461 0.053046
11.451 0.049818
11.438 0.047432
11.422 0.051305
11.405 0.057326
11.381 0.055344
11.354 0.045974
11.324 0.045599
11.294 0.052559
11.275 0.040499
11.259 0.03663
11.25 0.048
11.251 0.041916
11.252 0.032579
11.254 0.04735
11.255 0.03696
11.261 0.049393
11.261 0.04168
11.263 0.025565
11.265 0.03606
11.268 0.034124
11.27 0.01901
11.27 0.028525
11.269 0.022154
11.268 0.012982
11.268 0.018289
11.267 0.023162
11.268 0.011183
11.264 0.022434
11.265 0.011472
11.261 0.013583
11.256 0.0072973
11.252 0.0035908
11.251 0.0037543
11.248 0.01023
11.238 0.015154
11.223 0.03094
11.191 0.014571
11.169 0.016476
11.142 0.013957
11.111 0.015665
11.079 0.017608
11.041 0.0099367
10.999 0.027648
10.963 0.029589
10.922 0.027897
10.885 0.040571
10.844 0.03459
10.806 0.043479
10.767 0.039044
10.727 0.035471
10.687 0.047674
10.647 0.040189
10.607 0.054174
10.567 0.048169
10.526 0.047902
10.487 0.061551
10.447 0.059542
10.409 0.062661
10.372 0.043024
10.36 0.043184
10.362 0.047283
10.368 0.05305
10.373 0.060833
10.382 0.072826
10.39 0.064432
10.4 0.07442
10.413 0.062128
10.423 0.054512
10.431 0.086268
10.452 0.081339
10.469 0.080836
10.485 0.098001
10.508 0.095925
10.533 0.085735
10.559 0.094218
10.587 0.11828
10.616 0.091839
10.645 0.10415
10.677 0.12526
10.713 0.11762
10.748 0.12684
10.784 0.13498
10.816 0.12872
10.847 0.12704
10.882 0.11223
10.912 0.1249
10.921 0.13956
10.929 0.13948
10.937 0.1306
10.938 0.12867
10.942 0.1299
10.943 0.1196
10.949 0.12164
10.951 0.11452
10.95 0.12728
10.946 0.13266
10.941 0.098939
10.927 0.10076
10.908 0.085895
10.882 0.051972
10.858 0.043192
10.831 0.054668
10.801 0.052272
10.764 0.053728
10.729 0.049039
10.691 0.034288
10.65 0.034158
10.611 0.028906
10.572 0.033589
10.532 0.035134
10.496 0.037307
10.455 0.019002
10.417 0.014189
10.379 0.019174
10.342 0.026383
10.307 0.027998
10.268 0.035778
10.23 0.021984
10.192 0.0044956
10.152 -0.002878
10.108 0.0092898
10.065 -0.0016825
10.027 0.0058942
9.9829 0.007276
9.9444 -0.00080468
9.9029 -0.01459
9.8621 -0.015366
9.818 0.0063153
9.7761 0.015919
9.7354 -0.0091736
9.6989 -0.0044717
9.6576 0.013466
9.6153 -0.011929
9.5816 -0.038616
9.5371 -0.030113
9.5002 -0.0062742
9.4575 -0.027412
9.4172 -0.03787
9.3793 -0.032899
9.3352 -0.040399
9.2938 -0.069864
9.2499 -0.066924
9.2101 -0.055313
9.1658 -0.053746
9.1231 -0.049934
9.0797 -0.070721
9.0356 -0.08308
8.9922 -0.070204
8.9412 -0.065235
8.8879 -0.083994
8.8298 -0.08869
8.7623 -0.093339
8.6991 -0.086895
8.6343 -0.09451
8.5688 -0.093171
8.5042 -0.094397
8.4404 -0.12126
8.3752 -0.1124
8.3095 -0.12257
8.2487 -0.12828
8.1908 -0.12496
8.136 -0.1246
8.0793 -0.12516
8.0277 -0.12579
7.9794 -0.12784
7.9346 -0.13887
7.8857 -0.1579
7.8399 -0.14318
7.7958 -0.12742
7.7496 -0.14775
7.7083 -0.1699
7.6625 -0.17454
7.6193 -0.16178
7.5759 -0.17673
7.5332 -0.1905
7.4882 -0.18972
7.4472 -0.18583
7.406 -0.19246
7.3665 -0.20249
7.3257 -0.18492
7.2867 -0.19029
7.2472 -0.19038
7.209 -0.19311
7.1667 -0.1938
7.1228 -0.19251
7.0785 -0.20438
7.0292 -0.22931
6.9743 -0.22149
6.9233 -0.21826
6.8743 -0.20017
6.8318 -0.20486
6.8228 -0.20712
6.8305 -0.2039
6.8469 -0.20197
6.8617 -0.18434
6.881 -0.19132
6.9069 -0.19153
6.9335 -0.20275
6.9665 -0.18773
6.9979 -0.18432
7.0286 -0.19249
7.0619 -0.19359
7.0922 -0.19034
7.1278 -0.19773
7.1621 -0.18038
7.1973 -0.17501
7.2324 -0.18807
7.2694 -0.16453
7.3041 -0.15288
7.344 -0.13599
7.3813 -0.14433
7.4171 -0.1673
7.4523 -0.16473
7.4869 -0.12974
7.522 -0.15476
7.5561 -0.17482
7.5927 -0.19526
7.6238 -0.19993
7.6564 -0.22117
7.6917 -0.23298
7.7325 -0.19853
7.7718 -0.16831
7.8067 -0.19745
7.8455 -0.21
7.8878 -0.18113
7.9231 -0.17469
7.9609 -0.19782
7.9971 -0.21892
8.0259 -0.19631
8.0574 -0.19219
8.0842 -0.19201
8.1121 -0.17877
8.1341 -0.18932
8.1567 -0.19392
8.1626 -0.1902
8.1752 -0.19331
8.1868 -0.19823
8.1975 -0.20095
8.211 -0.19885
8.2178 -0.203
8.2271 -0.24859
8.2337 -0.23622
8.2391 -0.24517
8.2448 -0.24353
8.2495 -0.24824
8.2579 -0.2481
8.26 -0.23362
8.2709 -0.24172
8.2797 -0.25038
8.2821 -0.24008
8.2916 -0.23915
8.2969 -0.23041
8.2993 -0.2264
8.309 -0.22531
8.314 -0.21538
8.3271 -0.21527
8.329 -0.19395
8.3354 -0.19327
8.3406 -0.20093
8.3472 -0.22031
8.3513 -0.19919
8.353 -0.1804
8.365 -0.19008
8.3799 -0.19558
8.3955 -0.1723
8.4123 -0.16652
8.4323 -0.16574
8.4473 -0.14643
8.4521 -0.13545
8.4581 -0.13912
8.4688 -0.12905
8.4775 -0.12276
8.4842 -0.12789
8.4921 -0.13214
8.5014 -0.12924
8.5119 -0.12033
8.5236 -0.10612
8.5394 -0.11617
8.5503 -0.12247
8.5622 -0.12333
8.5713 -0.11004
8.5871 -0.097992
8.6013 -0.10929
8.6203 -0.10656
8.6315 -0.096851
8.6452 -0.11116
8.6581 -0.12688
8.6757 -0.13302
8.6881 -0.13672
8.7052 -0.12615
8.7204 -0.12224
8.7345 -0.12353
8.7478 -0.13698
8.7586 -0.15249
8.7732 -0.13798
8.781 -0.13451
8.7933 -0.12881
8.8086 -0.1379
8.8215 -0.12975
8.8372 -0.12323
8.8466 -0.14492
8.8555 -0.14361
8.8705 -0.11954
8.8839 -0.13444
8.8933 -0.13163
8.9054 -0.15132
8.9153 -0.15487
8.9187 -0.13594
8.9222 -0.16047
8.9288 -0.18007
8.9333 -0.19159
8.9384 -0.20975
8.9449 -0.1914
8.9567 -0.16436
8.957 -0.18738
8.9649 -0.20251
8.961 -0.18659
8.9722 -0.16945
8.9786 -0.18569
8.983 -0.18816
8.9892 -0.19806
8.9935 -0.18519
9.0035 -0.16937
9.0074 -0.18152
9.0108 -0.17085
9.0113 -0.15605
9.022 -0.16919
9.02 -0.17545
9.0207 -0.18238
9.0217 -0.18775
9.0214 -0.17419
9.0261 -0.17101
9.0207 -0.18558
9.0132 -0.18503
9.0078 -0.19251
8.9983 -0.17113
8.9973 -0.16718
8.988 -0.18089
8.983 -0.17302
8.9736 -0.18127
8.9656 -0.16702
8.9637 -0.17417
8.9557 -0.17329
8.9499 -0.17652
8.9446 -0.17618
8.9457 -0.15498
8.9456 -0.15238
8.9469 -0.15068
8.9415 -0.14936
8.9463 -0.15376
8.9427 -0.157
8.9462 -0.1509
8.9472 -0.16337
8.9528 -0.14651
8.9552 -0.14339
8.9613 -0.13713
8.9684 -0.13318
8.9801 -0.11872
8.9931 -0.09654
9.0047 -0.095057
9.0151 -0.081412
9.0266 -0.083728
9.0356 -0.072263
9.0487 -0.056975
9.0572 -0.035627
9.0639 -0.028857
9.0766 -0.015779
9.0818 -0.013705
9.0942 -0.025141
9.1063 -0.040711
9.1149 -0.02863
9.1276 -0.020501
9.1412 -0.038742
9.1494 -0.022887
9.1584 -0.019069
9.169 -0.049051
9.1747 -0.037645
9.1865 -0.030373
9.1985 -0.034465
9.2079 -0.049907
9.2195 -0.047428
9.2299 -0.030874
9.2418 -0.035071
9.2558 -0.053343
9.2672 -0.03485
9.2772 -0.032301
9.294 -0.037513
9.3104 -0.035788
9.3227 -0.023501
9.3355 -0.022918
9.3425 -0.051108
9.3412 -0.042664
9.3398 -0.013403
9.3347 -0.027532
9.3276 -0.030026
9.3211 -0.0069289
9.312 -0.0087213
9.307 -0.0081173
9.2979 -0.00093428
9.2924 -0.016895
9.2884 -0.02303
9.29 -0.0087944
9.2932 -0.019216
9.2959 -0.031036
9.2972 -0.022227
9.2985 -0.01436
9.3023 -0.013294
9.3032 -0.020746
9.3077 -0.027137
9.3038 -0.026792
9.2952 -0.014976
9.289 -0.032679
9.2842 -0.018879
9.2757 -0.031284
9.2698 -0.026328
9.2648 -0.026562
9.259 -0.038665
9.2558 -0.038075
9.2591 -0.027765
9.2651 -0.022532
9.275 -0.02562
9.2832 -0.024448
9.2917 -0.029155
9.2996 -0.022401
9.3081 -0.012167
9.3189 0.0069487
9.327 0.00026638
9.3348 -0.0035448
9.3406 -0.0051827
9.3508 -0.00088797
9.3566 -0.003751
9.3644 -0.0052029
9.3722 -0.0032749
9.3824 -0.00026395
9.3861 -0.0031359
9.3977 -0.0097318
9.4058 0.0035771
9.4154 -0.0085749
9.4212 -0.0052342
9.4287 -0.0059913
9.4362 -0.0081225
9.4437 -0.0071127
9.4475 -0.0039606
9.4553 -0.0060776
9.4591 -0.0039385
9.4635 0.00027507
9.471 -0.0062103
9.4771 0.00065771
9.4829 -0.0019325
9.4844 -0.0075717
9.4899 -0.009403
9.4954 0.0013129
9.4986 -0.0035935
9.5033 -0.012933
9.5068 -0.0085695
9.5103 -0.0068891
9.513 -0.016615
9.5218 -0.016086
9.5277 0.00077898
9.5328 -0.015983
9.535 -0.022545
9.5422 -0.0075709
9.5488 -0.01452
9.5494 -0.020174
9.5566 -0.012711
9.5593 -0.01958
9.5639 -0.027002
9.5694 -0.011926
9.5749 -0.013463
9.5758 -0.026207
9.5804 -0.0025647
9.5845 -0.0024304
9.5904 -0.0051351
9.5922 -0.00047545
9.5983 0.00020999
9.5997 -0.010934
9.6075 -0.0056225
9.6132 -0.0067024
9.6191 -0.0061327
9.6232 -0.0051478
9.6314 -0.00068613
9.6334 4.9798e-05
9.6416 -0.00058563
9.6477 -0.00064126
9.6516 -0.004686
9.6597 -0.004479
9.666 0.0036689
9.6683 0.0016464
9.6742 -0.0064911
9.683 0.0080776
9.6852 0.0032206
9.6936 0.00085214
9.7019 0.0046691
9.7107 0.00874
9.7188 -0.00074098
9.7272 0.0039341
9.7394 0.00013358
9.7458 0.0050343
9.756 -0.0025178
9.7704 0.00074398
9.7892 0.00073877
9.8059 0.0061863
9.8265 0.0021124
9.8471 0.0030816
9.8684 0.010181
9.8971 0.00031158
9.9279 0.00096775
9.961 0.0067544
9.992 0.0035066
10.027 0.0011973
10.064 0.0042709
10.099 0.00099813
10.138 0.00528
10.175 0.00041343
10.214 0.0025685
10.253 0.0013386
10.291 0.0064064
10.33 -0.0014123
10.367 0.0078555
10.404 -9.7648e-05
10.439 1.1034e-05
10.474 0.0073322
10.509 0.00049083
10.544 0.00033498
10.577 0.0035879
10.61 0.0038207
10.642 -0.0078192
10.677 0.0024664
10.709 -0.002917
10.742 -0.0015566
10.778 -0.0079819
10.811 0.0048867
10.846 -0.0028609
10.882 -0.0063866
10.915 0.0024352
10.951 -0.00468
10.986 -0.004668
11.017 0.0020177
11.051 -0.0087905
11.084 0.00083602
11.098 -0.0010888
11.11 -0.0052649
11.116 -0.0012055
11.126 -0.0022587
11.136 -0.0029555
11.142 -0.008277
11.146 -0.0010425
11.154 0.0017805
11.158 -0.0030328
11.165 -0.0075572
11.17 -0.00010334
11.177 -0.0052695
11.181 -0.0068653
11.183 0.0022843
11.188 -0.012245
11.19 -0.00052937
11.188 -0.0056993
11.196 -0.0068415
11.202 0.0058956
11.206 -0.0031936
11.21 -0.0056983
11.21 0.00058819
11.214 -0.001502
11.219 0.0068902
11.222 0.0078481
11.228 0.0010089
11.226 -0.0037443
11.216 -0.00045114
11.206 0.0014311
11.196 0.00094824
11.182 0.0076848
11.168 0.012241
11.152 0.003799
11.137 0.01172
11.121 0.0081734
11.102 0.011262
11.079 0.0073482
11.063 -0.00094129
11.045 0.0022768
11.026 -0.0082701
11.007 0.0019807
10.988 0.0064741
10.966 0.0091005
10.947 0.013975
10.923 0.020703
10.904 0.011284
10.888 0.0049741
10.87 0.0086195
10.862 0.00057433
10.85 0.0019755
10.838 0.001509
10.827 0.0013888
10.812 0.010012
10.793 0.0016475
10.775 0.0019797
10.747 0.0092832
10.716 0.0056803
10.687 -0.0041254
10.654 -0.0020277
10.611 -0.0018884
10.559 -0.0028303
10.495 -0.0018838
10.425 -0.0099675
10.33 -0.0035628
10.223 -0.0037375
10.103 -0.0064056
9.9688 -0.0031001
9.8231 -0.0095417
9.6687 -0.01419
9.503 -0.031704
9.3396 -0.041424
9.1757 -0.060085
9.0102 -0.066865
8.8451 -0.079127
8.6769 -0.086694
8.5098 -0.1088
8.3407 -0.11592
8.1723 -0.13816
7.9997 62.673
7.8236 -0.18284
7.6516 -0.22908
7.4907 -0.23576
7.3581 -0.20736
7.267 -0.23187
7.201 -0.28325
7.1407 -0.28192
7.0834 -0.25916
7.0224 -0.29302
6.961 -0.32959
6.8989 -0.34556
6.8388 -0.3185
6.7829 -0.31408
6.7328 -0.30564
6.7047 -0.3021
6.7143 -0.27093
6.7256 -0.2831
6.7399 -0.29045
6.7462 -0.29785
6.7538 -0.29472
6.759 -0.29326
6.7597 -0.27786
6.7664 -0.28728
6.7704 -0.31594
6.7743 -0.31146
6.7796 -0.30238
6.7829 -0.29752
6.7927 -0.27843
6.7997 -0.317
6.8089 -0.31233
6.8203 -0.28384
6.8339 -0.28346
6.8501 -0.32813
6.8681 -0.30976
6.887 -0.29992
6.9097 -0.29063
6.9334 -0.31586
6.9532 -0.3257
6.9848 -0.30864
7.0149 -0.27035
7.0415 -0.32721
7.0638 -0.36197
7.0896 -0.3214
7.1133 -0.29493
7.1356 -0.28554
7.1594 -0.29802
7.1735 -0.29692
7.1924 -0.31769
7.2109 -0.3156
7.222 -0.28948
7.243 -0.29851
7.261 -0.29978
7.2792 -0.30797
7.3011 -0.30551
7.3238 -0.30097
7.3511 -0.31196
7.3774 -0.31699
7.4114 -0.31191
7.4447 -0.28768
7.4756 -0.30291
7.503 -0.34646
7.5349 -0.34517
7.5677 -0.28537
7.596 -0.27062
7.6223 -0.32715
7.6474 -0.33742
7.674 -0.32437
7.6928 -0.33299
7.7205 -0.32284
7.74 -0.31699
7.7666 -0.32178
7.7918 -0.34232
7.8165 -0.35206
7.8444 -0.32974
7.8737 -0.3012
7.9018 -0.30853
7.9308 -0.31002
7.9511 -0.29295
7.9753 -0.28499
7.9994 -0.31262
8.0207 -0.31869
8.0471 -0.30514
8.0711 -0.29557
8.0903 -0.319
8.1125 -0.31337
8.1313 -0.30432
8.1567 -0.31631
8.1757 -0.3219
8.1966 -0.34381
8.2176 -0.32091
8.2403 -0.31493
8.2628 -0.31958
8.2822 -0.32335
8.3035 -0.32159
8.3215 -0.31751
8.3447 -0.32172
8.3685 -0.32504
8.3957 -0.31715
8.4286 -0.31835
8.447 -0.31948
8.4729 -0.30802
8.5083 -0.29493
8.5417 -0.30492
8.5828 -0.28825
8.6306 -0.27974
8.6793 -0.27056
8.7361 -0.25914
8.7896 -0.22288
8.8457 -0.21509
8.8978 -0.1821
8.9514 -0.15304
9.0046 -0.11903
9.0662 -0.093241
9.1323 -0.07232
9.1942 -0.063946
9.2585 -0.037325
9.3208 -0.031358
9.3856 -0.019175
9.4537 -0.019504
9.515 -0.013695
9.5803 -0.014243
9.6458 0.0083918
9.7108 0.0070739
9.7731 0.0034931
9.8359 0.0040644
9.8992 0.014833
9.9604 0.029609
10.023 0.036342
10.084 0.034356
10.144 0.038805
10.204 0.036359
10.268 0.038915
10.326 0.043085
10.387 0.054399
10.447 0.056144
10.507 0.052713
10.566 0.068048
10.628 0.062638
10.686 0.076569
10.747 0.081101
10.808 0.090438
10.87 0.093052
10.928 0.10714
10.993 0.089711
11.053 0.095982
11.108 0.090962
11.172 0.084371
11.227 0.09566
11.281 0.1006
11.329 0.1037
11.379 0.087219
11.422 0.08874
11.454 0.08747
11.492 0.084265
11.527 0.083952
11.557 0.080767
11.589 0.082259
11.618 0.07439
11.645 0.063353
11.671 0.059529
11.692 0.047287
11.71 0.052685
11.722 0.052668
11.73 0.053189
11.731 0.053359
11.725 0.054011
11.716 0.055721
11.704 0.042378
11.682 0.046466
11.659 0.044085
11.638 0.045091
11.621 0.042887
11.599 0.037332
11.577 0.042737
11.546 0.037711
11.517 0.036715
11.482 0.041693
11.443 0.038038
11.4 0.038213
11.354 0.044923
11.312 0.040663
11.269 0.038006
11.228 0.042783
11.188 0.041448
11.146 0.040837
11.105 0.04079
11.067 0.044577
11.025 0.045236
10.985 0.047824
10.945 0.052236
10.905 0.045956
10.864 0.049952
10.824 0.054882
10.785 0.045668
10.743 0.042125
10.704 0.054048
10.665 0.048155
10.627 0.034962
10.587 0.043265
10.548 0.035418
10.512 0.032915
10.471 0.045582
10.43 0.027376
10.396 0.025077
10.378 0.031636
10.376 0.030765
10.375 0.023785
10.38 0.030011
10.384 0.028848
10.384 0.01492
10.386 0.012907
10.389 0.028564
10.394 0.034099
10.391 0.051913
10.392 0.036559
10.398 0.027905
10.399 0.030445
10.394 0.018089
10.397 0.02147
10.396 0.013161
10.403 0.017691
10.404 0.020581
10.406 0.021882
10.407 0.014724
10.41 0.0036292
10.412 0.0049538
10.42 0.0066201
10.424 0.0010724
10.429 -0.0037421
10.425 0.0016909
10.419 0.010146
10.408 0.012124
10.393 0.016059
10.369 0.022659
10.338 0.0074936
10.309 0.016
10.277 0.012038
10.238 0.0032995
10.201 0.01494
10.161 0.0082205
10.119 0.01027
10.077 0.010105
10.039 0.0081211
10.001 0.019171
9.961 0.012679
9.9287 0.024922
9.8898 0.029932
9.8526 0.053597
9.8137 0.068005
9.7785 0.071548
9.7394 0.085823
9.7033 0.087433
9.6641 0.098931
9.6298 0.096662
9.5879 0.10695
9.5544 0.088756
9.5153 0.094935
9.477 0.11496
9.4547 0.099815
9.4504 0.10037
9.4417 0.10316
9.4417 0.10699
9.4471 0.10824
9.4549 0.12643
9.4594 0.13137
9.471 0.13507
9.4768 0.11658
9.4874 0.14331
9.4942 0.11908
9.5107 0.11857
9.5246 0.14424
9.5355 0.12356
9.5515 0.12126
9.5665 0.10821
9.5755 0.10676
9.5939 0.095735
9.6062 0.074152
9.616 0.10015
9.6251 0.10981
9.633 0.092446
9.6432 0.089035
9.6457 0.097138
9.6434 0.094965
9.6349 0.07115
9.6285 0.072304
9.6124 0.064527
9.5889 0.07132
9.5691 0.08643
9.5571 0.073196
9.5464 0.065072
9.548 0.087286
9.5487 0.077523
9.5591 0.056202
9.5698 0.063013
9.5829 0.06111
9.5964 0.064365
9.6111 0.064683
9.6369 0.06933
9.668 0.063384
9.6931 0.057066
9.7191 0.052883
9.7446 0.044288
9.7593 0.030911
9.7762 0.040132
9.7873 0.038793
9.797 0.027864
9.7973 0.023
9.7939 0.020861
9.7884 0.018966
9.7748 0.015898
9.762 0.021102
9.7377 0.019234
9.7089 0.01575
9.6842 -0.00018576
9.6501 -0.0076332
9.6112 0.022456
9.5713 0.007937
9.5282 0.004668
9.4882 0.0046199
9.4495 -0.0078242
9.4091 -0.031179
9.3696 -0.023276
9.3288 -0.013098
9.2868 0.01143
9.2434 -0.0021455
9.2045 -0.023867
9.1644 -0.012198
9.1195 0.0052705
9.0809 -0.020239
9.0406 -0.041155
9.0007 -0.017899
8.963 0.0018008
8.9195 -0.0066083
8.8795 -0.021815
8.8418 -0.024299
8.7992 -0.019771
8.7587 -0.033387
8.7155 -0.041478
8.676 -0.025066
8.6315 -0.029837
8.5906 -0.0091887
8.5498 -0.013043
8.5039 -0.038115
8.4628 -0.05741
8.4211 -0.040902
8.3748 -0.049672
8.3267 -0.065917
8.2803 -0.062054
8.2274 -0.087875
8.172 -0.091151
8.1137 -0.094538
8.0527 -0.10019
7.9916 -0.09861
7.9274 -0.12254
7.8608 -0.14702
7.8006 -0.13063
7.7353 -0.12529
7.6683 -0.11838
7.5968 -0.15825
7.5258 -0.16955
7.4587 -0.14039
7.4082 -0.13056
7.3591 -0.14874
7.3138 -0.152
7.2639 -0.16207
7.2172 -0.16395
7.174 -0.12791
7.1319 -0.14421
7.0853 -0.13333
7.035 -0.14947
6.982 -0.15964
6.9203 -0.15012
6.8542 -0.14671
6.791 -0.15199
6.7208 -0.15035
6.6484 -0.14996
6.5721 -0.17618
6.4964 -0.16563
6.4161 -0.16746
6.33 -0.18383
6.2563 -0.1793
6.1913 -0.16567
6.1323 -0.17283
6.0734 -0.1792
6.0114 -0.18563
5.9504 -0.19116
5.891 -0.18665
5.8304 -0.17936
5.7793 -0.19579
5.7649 -0.15963
5.7533 -0.18514
5.7355 -0.17587
5.723 -0.16695
5.7162 -0.16781
5.7231 -0.16829
5.7353 -0.15057
5.7422 -0.16831
5.7586 -0.15907
5.7799 -0.1395
5.8157 -0.13484
5.8626 -0.14517
5.912 -0.1303
5.9645 -0.13169
6.0178 -0.10569
6.0768 -0.11621
6.1302 -0.13911
6.187 -0.13265
6.2435 -0.12639
6.3028 -0.12636
6.3604 -0.14261
6.4173 -0.13891
6.4701 -0.15005
6.5208 -0.14053
6.572 -0.14709
6.6176 -0.15865
6.6649 -0.14824
6.7126 -0.17338
6.7594 -0.17106
6.7984 -0.16498
6.8365 -0.16342
6.8716 -0.15728
6.902 -0.16762
6.9367 -0.17259
6.9618 -0.15698
6.9856 -0.16727
7.0039 -0.1742
7.0188 -0.18631
7.0418 -0.18775
7.0621 -0.15999
7.0869 -0.15105
7.1072 -0.16621
7.1403 -0.19805
7.1692 -0.17463
7.1985 -0.14947
7.2231 -0.15118
7.2468 -0.15254
7.2654 -0.17918
7.2796 -0.21032
7.2922 -0.20604
7.3095 -0.1844
7.3204 -0.19066
7.3283 -0.2186
7.3428 -0.23821
7.3506 -0.21201
7.3646 -0.22953
7.3761 -0.23596
7.3929 -0.23765
7.4077 -0.23074
7.4265 -0.22087
7.4405 -0.22706
7.4546 -0.24804
7.4715 -0.21665
7.4884 -0.23531
7.5071 -0.23235
7.5269 -0.23635
7.5472 -0.21542
7.5695 -0.2021
7.5891 -0.19825
7.6135 -0.22313
7.6385 -0.20882
7.6578 -0.19977
7.6848 -0.20608
7.7084 -0.20333
7.7321 -0.19251
7.7592 -0.16658
7.7823 -0.16659
7.811 -0.18067
7.8347 -0.16086
7.8553 -0.15155
7.8759 -0.1714
7.8906 -0.17936
7.9057 -0.17843
7.9174 -0.16752
7.9321 -0.16105
7.9462 -0.14512
7.9679 -0.12559
7.981 -0.12499
8.0002 -0.14024
8.0177 -0.13736
8.0403 -0.14457
8.0562 -0.12403
8.0761 -0.11764
8.094 -0.098617
8.1121 -0.10574
8.1279 -0.10869
8.1444 -0.11394
8.1589 -0.10754
8.1682 -0.10862
8.1847 -0.099474
8.1897 -0.10635
8.1988 -0.11567
8.2027 -0.1128
8.1983 -0.10535
8.1883 -0.089591
8.1859 -0.11511
8.1759 -0.11231
8.1674 -0.1074
8.1606 -0.11674
8.1499 -0.13064
8.1381 -0.13172
8.1303 -0.13189
8.1201 -0.13047
8.1125 -0.14097
8.0994 -0.13126
8.0957 -0.12418
8.0812 -0.12904
8.0691 -0.15838
8.0641 -0.14689
8.0501 -0.12117
8.0438 -0.12462
8.0289 -0.14582
8.0216 -0.13773
8.0153 -0.12288
8.0038 -0.13622
7.9962 -0.15138
7.9829 -0.12717
7.9754 -0.11918
7.9713 -0.13767
7.9605 -0.12674
7.9514 -0.15306
7.9475 -0.13813
7.9491 -0.1298
7.9675 -0.10963
7.9808 -0.14539
7.9921 -0.13172
8.0058 -0.14393
8.0159 -0.15021
8.0334 -0.14139
8.0474 -0.11898
8.0602 -0.15107
8.0757 -0.16711
8.0868 -0.16505
8.1007 -0.13412
8.1127 -0.14882
8.1313 -0.16552
8.1422 -0.17529
8.1556 -0.17596
8.169 -0.16374
8.1832 -0.14662
8.195 -0.17222
8.2057 -0.17897
8.2189 -0.16257
8.2283 -0.15943
8.2434 -0.17557
8.256 -0.1758
8.2697 -0.19163
8.2862 -0.18094
8.3171 -0.171
8.3439 -0.16727
8.3743 -0.18021
8.4018 -0.18377
8.4313 -0.19049
8.4641 -0.17922
8.4851 -0.17015
8.5185 -0.17829
8.5538 -0.17201
8.5912 -0.16506
8.631 -0.16174
8.6751 -0.1652
8.7199 -0.1692
8.7649 -0.16178
8.8006 -0.17311
8.8434 -0.16507
8.8833 -0.15502
8.9259 -0.15072
8.9652 -0.15084
9.0092 -0.16265
9.049 -0.16296
9.0934 -0.15373
9.1366 -0.14107
9.1793 -0.14912
9.2256 -0.13306
9.2663 -0.12811
9.3088 -0.11762
9.3559 -0.10276
9.3994 -0.096085
9.4426 -0.08368
9.4873 -0.06825
9.5307 -0.038427
9.5732 -0.031423
9.6167 -0.01541
9.6557 -0.024238
9.6963 -0.037565
9.7434 -0.033721
9.7836 -0.043934
9.8322 -0.053044
9.8768 -0.073181
9.9235 -0.058742
9.9704 -0.065101
10.018 -0.076217
10.065 -0.061508
10.109 -0.066432
10.153 -0.080862
10.198 -0.057817
10.246 -0.066007
10.293 -0.075766
10.342 -0.082912
10.385 -0.062541
10.436 -0.061775
10.48 -0.060543
10.527 -0.032995
10.573 -0.041096
10.621 -0.042042
10.665 -0.032407
10.702 -0.032423
10.741 -0.036105
10.774 -0.011589
10.802 -0.00869
10.827 -0.013924
10.855 0.0022596
10.881 -0.0032526
10.906 -0.010385
10.921 -0.0028213
10.928 -0.0016516
10.936 -0.0083611
10.939 0.0055926
10.932 0.011272
10.926 -0.0042188
10.913 -4.8811e-05
10.9 0.0048714
10.891 0.0090843
10.878 -0.0007054
10.869 0.011486
10.855 0.0032807
10.843 -0.0074957
10.832 -0.002775
10.818 0.0097985
10.808 -0.0091588
10.797 -0.0083531
10.775 -0.0048878
10.755 -0.0094481
10.729 -0.0029258
10.706 -0.0077167
10.673 -0.010439
10.641 -0.016365
10.613 -0.0084015
10.579 -0.016437
10.548 -0.017322
10.52 -0.01042
10.51 -0.012611
10.505 -0.020921
10.497 -0.011092
10.491 -0.012854
10.484 -0.017623
10.481 -0.014482
10.475 -0.012389
10.469 -0.028578
10.464 -0.022191
10.457 -0.025974
10.451 -0.027091
10.442 -0.02585
10.435 -0.025947
10.425 -0.024348
10.418 -0.020261
10.408 -0.02415
10.399 -0.019243
10.385 -0.041034
10.373 -0.045256
10.36 -0.03038
10.347 -0.028964
10.335 -0.029184
10.323 -0.021603
10.307 -0.022246
10.299 -0.032193
10.29 -0.01985
10.279 -0.012271
10.269 -0.028957
10.256 -0.013994
10.247 -0.0088335
10.234 -0.016715
10.224 -0.006141
10.211 -0.0026249
10.198 -0.013399
10.188 -0.0054586
10.175 -0.0025044
10.16 -0.016619
10.149 0.0076624
10.132 -0.0066281
10.123 -0.0066237
10.111 0.0061829
10.105 -0.0060305
10.108 -0.0063744
10.112 -0.0038291
10.114 -0.0026133
10.12 -0.0052388
10.128 -0.0015454
10.136 5.9661e-05
10.144 -0.007916
10.152 0.0047024
10.16 -0.0092804
10.168 -0.0079273
10.178 0.0010786
10.184 -0.0071372
10.192 -0.0086856
10.2 0.0031357
10.206 -0.0043879
10.216 -0.0055018
10.225 0.0033009
10.231 0.0014265
10.24 0.0046131
10.25 -0.00033315
10.258 0.0079093
10.265 0.0018638
10.275 0.0039752
10.284 0.0054952
10.29 0.0040325
10.302 0.00086652
10.313 0.0078072
10.325 0.0044068
10.341 -0.0090092
10.357 -0.0054314
10.374 0.0047671
10.391 0.00023768
10.406 0.0066346
10.419 0.0033026
10.433 0.017833
10.444 0.026312
10.457 0.015774
10.471 0.024901
10.481 0.021239
10.488 0.017577
10.498 0.017023
10.507 0.024821
10.512 0.0058646
10.523 0.014189
10.527 0.012951
10.533 0.0013659
10.541 0.001239
10.543 0.0031638
10.551 -0.0034543
10.557 -0.0067695
10.563 0.0077951
10.569 -0.00060572
10.579 -0.0064245
10.585 0.0002837
10.595 0.00014854
10.601 -0.0051177
10.616 0.0023818
10.623 -0.0016979
10.633 -0.012905
10.645 0.0028694
10.651 -0.0028684
10.663 -0.0068933
10.673 0.0041165
10.681 -0.0062514
10.689 -0.005201
10.694 -0.0059773
10.702 -0.0053593
10.711 -0.0010459
10.714 -0.01133
10.722 0.0016834
10.726 -0.0012043
10.734 -0.0012316
10.74 -0.0068617
10.746 -0.0046348
10.752 -0.0002766
10.759 -0.0088876
10.761 0.0012038
10.769 -0.0071235
10.778 -0.0096074
10.783 0.00049759
10.789 -0.0043518
10.801 -0.0028977
10.813 0.0060117
10.822 -0.0032345
10.83 -0.0010997
10.837 0.0053171
10.846 0.0077528
10.849 0.017944
10.85 0.0094228
10.847 -0.0016287
10.843 -0.0084091
10.838 -0.0032197
10.838 -0.0027161
10.831 -0.0085761
10.83 0.0072133
10.821 0.00096896
10.806 0.0036793
10.794 0.0043615
10.776 0.0034902
10.751 0.0042527
10.722 0.0011793
10.695 -0.0061588
10.664 -0.0055726
10.628 -0.011838
10.589 -0.0041157
10.548 -0.0043827
10.507 0.0048067
10.468 0.0025602
10.428 0.011038
10.387 0.0054124
10.346 -0.0011877
10.305 -0.00058037
10.264 -0.0029798
10.221 -0.0065166
10.184 -0.0035006
10.14 -0.0055398
10.099 -0.0020466
10.061 0.0046866
10.02 -0.00071425
9.9786 0.00052095
9.936 0.006599
9.8894 0.0070703
9.8237 -0.0036949
9.7456 -0.0021821
9.6493 0.004356
9.5402 -0.0058554
9.4129 -0.0013865
9.2666 -0.0083053
9.1124 -0.0086116
8.9582 -0.0080357
8.8042 -0.0040002
8.6478 -0.012733
8.4879 0.0041682
8.3254 -0.0095707
8.1628 -0.0068341
7.9979 -0.010273
7.8285 -0.012142
7.6627 -0.018264
7.4907 -0.028485
7.302 -0.040927
7.1075 -0.048568
6.9008 -0.064994
6.6949 -0.064249
6.4873 -0.066927
6.2783 -0.076728
6.066 -0.092336
5.8611 -0.092333
5.6717 62.707
5.4839 -0.1082
5.2999 -0.13205
5.1142 -0.1642
4.9263 -0.18914
4.7443 -0.14634
4.5675 -0.1265
4.4056 -0.1488
4.2568 -0.1574
4.131 -0.15863
4.0253 -0.16539
3.9396 -0.2035
3.8694 -0.14875
3.8001 -0.11861
3.7355 -0.10576
3.6717 -0.12558
3.6108 -0.18091
3.5707 -0.18942
3.5471 -0.19872
3.5288 -0.19911
3.5099 -0.14969
3.4907 -0.13745
3.4715 -0.19222
3.4543 -0.23004
3.4359 -0.23512
3.4197 -0.15699
3.4045 -0.11481
3.3909 -0.14977
3.3748 -0.14122
3.3602 -0.15943
3.345 -0.15774
3.3354 -0.10387
3.3476 -0.10008
3.399 -0.10358
3.4414 -0.094161
3.4893 -0.10171
3.5413 -0.12192
3.5971 -0.12703
3.6572 -0.073571
3.7276 -0.1384
3.8007 -0.13286
3.8795 -0.1168
3.9699 -0.1485
4.0662 -0.12731
4.1678 -0.1021
4.2625 -0.11328
4.3425 -0.13769
4.4305 -0.1142
4.5142 -0.18593
4.5921 -0.17696
4.6774 -0.23569
4.7588 -0.2272
4.8323 -0.22884
4.9102 -0.19646
4.9865 -0.2028
5.0574 -0.21263
5.1078 -0.26601
5.1532 -0.2831
5.2044 -0.2447
5.2596 -0.26205
5.3161 -0.2477
5.3756 -0.23086
5.4324 -0.28137
5.4847 -0.31003
5.5383 -0.30048
5.5958 -0.26357
5.6602 -0.23163
5.7194 -0.29946
5.7674 -0.34296
5.7931 -0.31625
5.8127 -0.29871
5.8519 -0.27183
5.8939 -0.26269
5.9242 -0.27281
5.9572 -0.24799
5.9864 -0.24542
6.0135 -0.28085
6.0543 -0.28241
6.0891 -0.23796
6.1307 -0.25381
6.1699 -0.27278
6.2105 -0.26494
6.2558 -0.27651
6.3054 -0.26784
6.3497 -0.27516
6.3928 -0.27181
6.4326 -0.26177
6.4726 -0.26568
6.519 -0.25729
6.5631 -0.26761
6.6107 -0.27758
6.6427 -0.30588
6.6894 -0.30309
6.7315 -0.24932
6.7728 -0.21756
6.8107 -0.28318
6.8417 -0.31174
6.8798 -0.2956
6.9076 -0.29339
6.9406 -0.2842
6.9719 -0.275
7.0041 -0.27832
7.0362 -0.28801
7.0714 -0.2901
7.1058 -0.31088
7.1437 -0.27582
7.1761 -0.21731
7.2126 -0.1969
7.2366 -0.2406
7.2704 -0.26814
7.2979 -0.27853
7.3275 -0.23934
7.3504 -0.26321
7.3793 -0.2664
7.4057 -0.26022
7.4304 -0.27305
7.452 -0.28328
7.4793 -0.29113
7.5 -0.26556
7.5191 -0.28121
7.5436 -0.29338
7.5662 -0.31756
7.5805 -0.31379
7.5944 -0.31087
7.6109 -0.30177
7.6274 -0.3195
7.6418 -0.32306
7.6573 -0.30732
7.6716 -0.31328
7.6927 -0.31495
7.7129 -0.31617
7.7302 -0.31816
7.751 -0.30117
7.7733 -0.32548
7.7972 -0.32
7.8198 -0.29376
7.8482 -0.28342
7.8746 -0.28691
7.9012 -0.29668
7.93 -0.28677
7.9675 -0.28795
8.0082 -0.269
8.0522 -0.22653
8.0964 -0.2013
8.1458 -0.19425
8.1925 -0.17436
8.2423 -0.15951
8.2918 -0.13665
8.3426 -0.091356
8.3928 -0.063314
8.4467 -0.047363
8.4966 -0.032439
8.5429 -0.024861
8.5797 -0.021196
8.6117 -0.021889
8.656 -0.0039069
8.7003 0.0031248
8.7486 0.0088115
8.7946 0.015902
8.8421 0.0088504
8.8904 0.0030999
8.9372 0.006586
8.9823 0.021037
9.0259 0.03015
9.0673 0.029883
9.1094 0.028754
9.1516 0.029082
9.1964 0.033605
9.24 0.033842
9.2838 0.027554
9.3278 0.030888
9.3707 0.046712
9.4169 0.056152
9.4604 0.069115
9.5034 0.079069
9.5482 0.071516
9.5896 0.069305
9.63 0.08176
9.6706 0.087012
9.713 0.091171
9.7543 0.091968
9.7968 0.091102
9.836 0.089548
9.8743 0.083819
9.9054 0.098442
9.9378 0.071296
9.9718 0.085035
9.9984 0.086928
10.019 0.098852
10.045 0.087958
10.071 0.072175
10.089 0.057989
10.102 0.068655
10.112 0.062094
10.129 0.069319
10.138 0.064763
10.151 0.071728
10.161 0.061419
10.173 0.058123
10.175 0.054612
10.167 0.04457
10.16 0.049036
10.148 0.053466
10.123 0.050759
10.093 0.046661
10.068 0.045248
10.032 0.045544
9.9991 0.039306
9.9576 0.039399
9.914 0.034163
9.8745 0.032365
9.8355 0.043868
9.796 0.026138
9.7571 0.038095
9.7201 0.030373
9.6829 0.02902
9.6458 0.025925
9.6074 0.040115
9.5684 0.023287
9.526 0.027506
9.4862 0.033103
9.4445 0.037225
9.401 0.042593
9.3576 0.044463
9.3168 0.047693
9.2735 0.041567
9.2324 0.043882
9.1952 0.036821
9.169 0.046872
9.1433 0.043185
9.1272 0.036874
9.1141 0.044266
9.1068 0.039913
9.105 0.054045
9.1062 0.037738
9.1073 0.052943
9.1057 0.045184
9.1059 0.04778
9.1063 0.046091
9.1048 0.046171
9.1045 0.053418
9.1024 0.034882
9.1025 0.039536
9.1002 0.050878
9.0971 0.047058
9.0955 0.040453
9.0976 0.034801
9.0942 0.04385
9.0964 0.035496
9.0947 0.038488
9.093 0.047049
9.0889 0.036886
9.0883 0.029616
9.0863 0.032903
9.0838 0.039418
9.0821 0.030468
9.0791 0.029251
9.0742 0.026793
9.0694 0.039504
9.0666 0.022819
9.0618 0.025634
9.0579 0.027401
9.0567 0.031617
9.0509 0.026755
9.0341 0.042039
9.0119 0.042151
8.993 0.012205
8.9649 0.025606
8.9302 0.024339
8.8931 0.0098807
8.8638 0.0069139
8.8331 0.010171
8.803 0.0030675
8.7687 0.0060489
8.7399 0.017495
8.706 0.017623
8.6756 0.0015541
8.6481 0.0058308
8.6197 0.0057886
8.5921 0.0085546
8.5634 0.014006
8.533 0.0072999
8.5066 0.0025566
8.479 0.0072777
8.4515 0.0096989
8.4332 0.017838
8.4189 0.01632
8.4096 0.019099
8.3956 0.010569
8.3816 0.016436
8.3668 0.0069613
8.3509 0.012968
8.3276 -0.00037846
8.3029 0.012594
8.2738 0.0045586
8.2435 0.0023319
8.2074 0.011218
8.173 0.019519
8.1357 0.014203
8.097 -0.0022122
8.0619 0.0041455
8.0276 0.018057
7.9884 0.0095425
7.9561 0.011434
7.92 0.0050493
7.8829 0.0045541
7.8504 0.02337
7.8187 0.026742
7.7863 0.03734
7.753 0.034824
7.7191 0.014166
7.687 0.051806
7.657 0.052444
7.6244 0.019474
7.5958 0.061692
7.5791 0.053833
7.5791 0.011622
7.572 0.059497
7.561 0.092419
7.5581 0.054649
7.5544 0.053252
7.5475 0.081772
7.5403 0.085595
7.5332 0.098042
7.5273 0.092957
7.5197 0.097129
7.5102 0.11017
7.5018 0.13561
7.4944 0.12465
7.4859 0.11325
7.4832 0.11101
7.4728 0.11409
7.4711 0.12474
7.4799 0.10371
7.4859 0.11018
7.4944 0.11821
7.5057 0.11215
7.5162 0.11347
7.5224 0.10712
7.5344 0.12204
7.5424 0.090599
7.5511 0.088882
7.5585 0.1038
7.5648 0.11069
7.5684 0.10838
7.5768 0.10099
7.5803 0.068945
7.589 0.061373
7.5961 0.048439
7.6055 0.051906
7.6298 0.027158
7.6501 0.051551
7.6764 0.041881
7.7069 0.046782
7.7392 0.041516
7.7726 0.057502
7.8032 0.058091
7.8388 0.03804
7.8753 0.01977
7.9107 0.057653
7.9396 0.058311
7.9702 0.04962
7.9957 0.022103
8.0268 0.032389
8.0416 0.034348
8.0555 0.052199
8.0711 0.04468
8.0827 0.045556
8.0985 0.046515
8.114 0.042189
8.129 0.035636
8.1405 0.031089
8.1569 0.043577
8.1695 0.027914
8.187 0.039041
8.1995 0.047745
8.2129 0.033462
8.2309 0.032
8.2488 0.028338
8.2763 0.032276
8.2973 0.015199
8.3212 0.027868
8.3423 0.016044
8.3589 0.020963
8.3705 0.019223
8.3757 0.02437
8.375 0.0061289
8.3685 -0.0021336
8.3627 0.00513
8.3468 0.025608
8.3375 0.014548
8.3274 0.0019676
8.3137 0.011921
8.2913 0.016829
8.2674 -0.0011739
8.2406 0.0093036
8.2079 -0.0096476
8.171 0.0053573
8.1328 0.026485
8.0938 0.026278
8.0538 -0.014308
8.0181 -0.010554
7.9855 0.013617
7.9435 0.010687
7.913 0.00014626
7.8772 -0.014599
7.8457 -0.036361
7.8123 0.0065246
7.7768 0.0030638
7.7404 -0.0040796
7.7083 -0.023245
7.6793 -0.029063
7.6519 -0.029999
7.6205 -0.056353
7.5988 -0.06296
7.5917 -0.046653
7.5849 -0.051385
7.5811 -0.048062
7.5852 -0.037267
7.5874 -0.029924
7.5913 -0.064778
7.5987 -0.063961
7.604 -0.052681
7.6122 -0.052341
7.6115 -0.075137
7.6181 -0.068597
7.6181 -0.073409
7.6269 -0.079403
7.6247 -0.08809
7.6231 -0.088671
7.6209 -0.091853
7.6195 -0.10293
7.6103 -0.11313
7.5987 -0.10868
7.5801 -0.10451
7.5574 -0.12944
7.5326 -0.1382
7.5129 -0.12742
7.481 -0.13996
7.4455 -0.13049
7.4115 -0.1294
7.3775 -0.14048
7.3432 -0.14147
7.3075 -0.15705
7.2713 -0.15291
7.2348 -0.123
7.1985 -0.12695
7.1615 -0.13824
7.1252 -0.16
7.0832 -0.16372
7.0386 -0.15225
6.9794 -0.16555
6.9228 -0.16611
6.8644 -0.16468
6.8043 -0.16218
6.7387 -0.18273
6.6745 -0.17826
6.6071 -0.17673
6.535 -0.18607
6.4924 -0.19538
6.4783 -0.17592
6.4749 -0.18472
6.4759 -0.18013
6.4832 -0.18677
6.4802 -0.19301
6.4843 -0.19062
6.4824 -0.18565
6.4829 -0.17721
6.4834 -0.18106
6.4839 -0.17725
6.4861 -0.19044
6.4881 -0.18465
6.4941 -0.15946
6.5032 -0.16035
6.5133 -0.1471
6.5204 -0.16286
6.5308 -0.14835
6.5423 -0.1325
6.5528 -0.13442
6.5629 -0.14484
6.5702 -0.14335
6.5856 -0.14928
6.5928 -0.12714
6.606 -0.14854
6.6174 -0.13447
6.6284 -0.14314
6.6417 -0.1498
6.6532 -0.13812
6.6638 -0.12958
6.6784 -0.11658
6.6871 -0.13469
6.6948 -0.14247
6.701 -0.16419
6.7097 -0.16537
6.7167 -0.13633
6.7264 -0.16027
6.735 -0.16403
6.7437 -0.17527
6.747 -0.14664
6.7584 -0.16683
6.7631 -0.1698
6.7673 -0.18073
6.7841 -0.19231
6.7911 -0.15249
6.8051 -0.15716
6.8136 -0.15129
6.8247 -0.19487
6.8369 -0.18964
6.8475 -0.1726
6.8608 -0.17742
6.8697 -0.18108
6.8781 -0.18456
6.8829 -0.20608
6.8913 -0.22639
6.897 -0.20572
6.9056 -0.1686
6.9092 -0.20128
6.9206 -0.21841
6.9244 -0.20649
6.9306 -0.19804
6.9354 -0.19764
6.9459 -0.20034
6.9489 -0.21538
6.9577 -0.20855
6.9664 -0.19893
6.974 -0.21128
6.987 -0.21803
7.0033 -0.20404
7.0139 -0.19855
7.0264 -0.20662
7.0388 -0.21778
7.0525 -0.22202
7.0593 -0.20524
7.0649 -0.20565
7.0773 -0.22672
7.085 -0.23572
7.1001 -0.21315
7.1083 -0.20522
7.1227 -0.22736
7.1352 -0.24023
7.1596 -0.22733
7.1789 -0.17838
7.2011 -0.18888
7.2255 -0.19262
7.2506 -0.19275
7.2737 -0.17581
7.2996 -0.16613
7.3191 -0.17718
7.3465 -0.16752
7.3619 -0.1397
7.385 -0.13538
7.4033 -0.13932
7.422 -0.14509
7.4479 -0.13564
7.4693 -0.12978
7.4898 -0.12344
7.5143 -0.1352
7.5373 -0.11964
7.5614 -0.10477
7.5869 -0.087691
7.6157 -0.085317
7.6447 -0.074043
7.6704 -0.074697
7.6809 -0.076661
7.6887 -0.07836
7.694 -0.073252
7.7029 -0.071291
7.709 -0.07179
7.7094 -0.07051
7.7009 -0.07994
7.6899 -0.085936
7.6762 -0.071506
7.6507 -0.065456
0.45249 -8.912
