6.2785 1.9598 0
6.6632 2.0825 0.30937
7.0554 2.2076 0.30856
7.4561 2.3358 0.30912
7.8656 2.4671 0.31022
8.2852 2.6011 0.31012
8.7144 2.7375 0.30922
9.1536 2.8763 0.30781
9.6031 3.0188 0.30605
10.063 3.1652 0.3079
10.532 3.3136 0.30853
11.008 3.4638 0.30668
11.494 3.6162 0.30526
11.989 3.7712 0.304
12.492 3.9291 0.30378
13.005 4.0883 0.30382
13.526 4.2487 0.30114
14.057 4.41 0.29846
14.599 4.5723 0.2948
15.152 4.7368 0.29085
15.715 4.904 0.2894
16.287 5.0715 0.2887
16.865 5.2381 0.28491
17.453 5.4049 0.28037
18.048 5.5727 0.27661
18.651 5.7412 0.27462
19.26 5.9101 0.27275
19.877 6.079 0.27039
20.502 6.2479 0.26739
21.135 6.4157 0.26401
21.777 6.5842 0.25891
22.428 6.7538 0.25657
23.088 6.924 0.25497
23.758 7.0942 0.25246
24.437 7.2643 0.24894
25.127 7.4341 0.2453
25.826 7.6045 0.2414
26.535 7.7746 0.23893
27.253 7.9438 0.23559
27.981 8.1126 0.23127
28.718 8.2791 0.22801
29.466 8.445 0.22198
30.221 8.6112 0.21849
30.986 8.7768 0.21653
31.76 8.9415 0.21326
32.542 9.1052 0.20974
33.333 9.2685 0.20628
34.132 9.4312 0.20359
34.94 9.5926 0.20085
35.756 9.7532 0.19724
36.579 9.9136 0.19433
37.411 10.074 0.19233
38.25 10.234 0.19103
39.098 10.392 0.18802
39.952 10.55 0.18477
40.812 10.708 0.18276
41.678 10.863 0.18086
42.548 11.016 0.177
43.425 11.168 0.17498
44.307 11.319 0.1717
45.196 11.469 0.16951
46.093 11.617 0.16699
46.996 11.764 0.16339
47.907 11.909 0.1608
48.826 12.054 0.1585
49.752 12.196 0.15608
50.685 12.337 0.15251
51.625 12.478 0.15023
52.571 12.619 0.14902
53.525 12.757 0.14703
54.486 12.894 0.14362
55.454 13.03 0.14166
56.429 13.164 0.13979
57.411 13.298 0.13716
58.4 13.429 0.13491
59.396 13.56 0.13238
60.399 13.689 0.13023
61.409 13.817 0.12817
62.425 13.944 0.12624
63.448 14.07 0.12442
64.478 14.195 0.12251
65.514 14.319 0.12033
66.556 14.442 0.11911
67.605 14.563 0.11718
68.661 14.683 0.11497
69.722 14.802 0.11368
70.79 14.919 0.11157
71.865 15.036 0.10939
72.945 15.152 0.10849
74.032 15.265 0.10625
75.124 15.377 0.10422
76.222 15.487 0.10199
77.325 15.596 0.10014
78.434 15.703 0.098363
79.549 15.809 0.096249
80.668 15.913 0.094325
81.794 16.016 0.092995
82.924 16.118 0.091196
84.059 16.219 0.090143
85.198 16.317 0.088307
86.341 16.414 0.085949
87.489 16.509 0.084481
88.64 16.602 0.082519
89.794 16.695 0.081001
90.953 16.785 0.07994
92.116 16.875 0.078083
93.282 16.964 0.077097
94.452 17.051 0.076137
95.627 17.138 0.074142
96.804 17.224 0.073577
97.985 17.311 0.073369
99.169 17.398 0.07332
100.35 17.485 0.073605
101.54 17.572 0.073291
102.73 17.659 0.073264
103.92 17.746 0.073349
105.11 17.834 0.072974
106.3 17.922 0.073916
107.5 18.01 0.073549
108.7 18.099 0.073923
109.9 18.187 0.07411
111.1 18.275 0.073343
112.3 18.362 0.072885
113.51 18.449 0.072159
114.72 18.536 0.072105
115.94 18.623 0.071722
117.15 18.71 0.07121
118.37 18.796 0.071435
119.59 18.882 0.070723
120.81 18.968 0.070474
122.04 19.054 0.070086
123.26 19.14 0.069876
124.49 19.225 0.070151
125.73 19.311 0.069315
126.96 19.397 0.069728
128.2 19.483 0.069503
129.44 19.568 0.069169
130.68 19.654 0.06923
131.92 19.74 0.068953
133.17 19.826 0.068752
134.42 19.913 0.069003
135.67 20.001 0.070033
136.92 20.093 0.071372
138.18 20.186 0.073723
139.44 20.283 0.075518
140.7 20.382 0.077548
141.96 20.484 0.079604
143.23 20.588 0.081196
144.49 20.693 0.082495
145.76 20.799 0.083597
147.03 20.906 0.08397
148.29 21.013 0.08432
149.56 21.12 0.084228
150.83 21.227 0.084093
152.1 21.333 0.083801
153.37 21.438 0.08348
154.65 21.543 0.082384
155.92 21.648 0.082297
157.2 21.752 0.08184
158.48 21.856 0.081336
159.76 21.959 0.081357
161.04 22.062 0.080416
162.32 22.164 0.079816
163.61 22.266 0.079487
164.89 22.367 0.079207
166.18 22.468 0.07879
167.47 22.569 0.078202
168.76 22.668 0.077703
170.05 22.768 0.077294
171.34 22.866 0.076609
172.64 22.964 0.07626
173.93 23.061 0.075173
175.23 23.158 0.074923
176.53 23.254 0.074202
177.83 23.35 0.074167
179.13 23.446 0.073704
180.43 23.541 0.073427
181.74 23.636 0.072971
183.04 23.732 0.073164
184.35 23.829 0.07349
185.66 23.926 0.07369
186.97 24.023 0.074099
188.28 24.12 0.074078
189.59 24.218 0.074028
190.91 24.314 0.073924
192.23 24.41 0.073109
193.55 24.506 0.072887
194.87 24.602 0.072395
196.2 24.699 0.073009
197.52 24.796 0.072821
198.86 24.894 0.073088
200.19 24.993 0.073717
201.53 25.093 0.074493
202.87 25.194 0.074947
204.21 25.294 0.07504
205.56 25.394 0.074773
206.91 25.493 0.073835
208.26 25.592 0.073146
209.61 25.691 0.073074
210.95 25.79 0.073562
212.3 25.891 0.074037
213.64 25.992 0.074871
214.98 26.092 0.075035
216.32 26.192 0.075062
217.65 26.29 0.074333
218.98 26.386 0.073296
220.3 26.481 0.072249
221.61 26.576 0.071984
222.92 26.671 0.07224
224.23 26.767 0.072923
225.53 26.864 0.074165
226.82 26.96 0.074236
228.1 27.055 0.074526
229.38 27.15 0.074029
230.65 27.243 0.073905
231.91 27.335 0.073245
233.16 27.426 0.07316
234.4 27.517 0.072853
235.62 27.607 0.072884
236.84 27.697 0.073454
238.05 27.785 0.073731
239.24 27.871 0.072719
240.42 27.956 0.072452
241.59 28.038 0.071794
242.74 28.118 0.070488
243.87 28.196 0.069439
244.99 28.27 0.068093
246.09 28.34 0.066075
247.17 28.407 0.063899
248.23 28.47 0.061964
249.27 28.528 0.059145
250.28 28.58 0.055823
251.28 28.626 0.051653
252.26 28.664 0.046121
253.21 28.693 0.038615
254.15 28.712 0.030195
255.06 28.719 0.019977
255.06 28.719 0.0083458
255.93 28.701 6.2781
256.79 28.669 6.2625
257.62 28.622 6.2457
258.43 28.559 6.2272
259.23 28.479 6.205
260.01 28.385 6.1834
260.77 28.273 6.1622
261.52 28.141 6.137
262.26 27.992 6.1098
262.99 27.824 6.0853
263.72 27.635 6.0579
264.43 27.423 6.0275
265.13 27.191 5.9936
265.81 26.939 5.9627
266.49 26.668 5.9316
267.15 26.378 5.901
267.8 26.07 5.8696
268.43 25.743 5.8384
269.04 25.399 5.8059
269.64 25.037 5.7737
270.23 24.659 5.741
270.8 24.264 5.7103
271.36 23.853 5.6797
271.91 23.422 5.6499
272.44 22.971 5.6164
272.96 22.502 5.5805
273.47 22.017 5.5483
273.96 21.514 5.5173
274.43 20.994 5.4857
274.89 20.458 5.451
275.33 19.906 5.418
275.76 19.34 5.3878
276.17 18.759 5.3594
276.56 18.164 5.3273
276.93 17.555 5.2951
277.29 16.932 5.2634
277.63 16.296 5.2344
277.95 15.646 5.2036
278.25 14.984 5.17
278.53 14.31 5.1378
278.79 13.624 5.1078
279.03 12.928 5.0736
279.24 12.222 5.0371
279.43 11.508 5.0035
279.6 10.786 4.9716
279.74 10.056 4.9386
279.86 9.3215 4.906
279.95 8.5817 4.8735
280.02 7.8374 4.8396
280.07 7.0897 4.8063
280.09 6.3397 4.776
280.09 5.5873 4.7444
280.07 4.8331 4.7117
280.02 4.0781 4.6792
279.95 3.3228 4.6476
279.85 2.5679 4.6152
279.72 1.8135 4.5824
279.58 1.06 4.5509
279.41 0.3073 4.5219
279.22 -0.44217 4.4929
279 -1.1877 4.4613
278.76 -1.9291 4.427
278.49 -2.6668 4.3959
278.21 -3.3989 4.3692
277.9 -4.1242 4.3396
277.56 -4.8423 4.3068
277.2 -5.5517 4.276
276.82 -6.2529 4.2443
276.42 -6.9451 4.2145
276 -7.6288 4.1861
275.55 -8.303 4.1584
275.09 -8.9657 4.1302
274.6 -9.618 4.0996
274.1 -10.259 4.0722
273.57 -10.889 4.0453
273.03 -11.505 4.0184
272.46 -12.106 3.9892
271.88 -12.693 3.9599
271.28 -13.262 3.9304
270.66 -13.812 3.8985
270.02 -14.344 3.8651
269.35 -14.857 3.8341
268.68 -15.348 3.8019
267.98 -15.817 3.7679
267.27 -16.265 3.734
266.54 -16.688 3.7018
265.79 -17.088 3.6678
265.03 -17.461 3.6333
264.26 -17.809 3.598
263.47 -18.13 3.5634
262.67 -18.422 3.5284
261.85 -18.682 3.4907
261.03 -18.912 3.4511
260.19 -19.11 3.4129
259.35 -19.277 3.3754
258.5 -19.414 3.3375
257.65 -19.522 3.3016
256.79 -19.599 3.267
255.93 -19.647 3.2314
255.06 -19.668 3.1976
254.2 -19.66 3.1653
253.33 -19.622 3.1322
252.46 -19.558 3.0979
251.58 -19.472 3.0686
250.71 -19.364 3.043
249.83 -19.238 3.0197
248.95 -19.096 2.9989
248.06 -18.937 2.9815
247.18 -18.763 2.9639
246.29 -18.575 2.9471
245.41 -18.376 2.9324
244.51 -18.171 2.9214
243.62 -17.963 2.9158
242.72 -17.752 2.9134
241.81 -17.538 2.9115
240.9 -17.321 2.9094
239.99 -17.101 2.9075
239.07 -16.879 2.9054
238.15 -16.655 2.9041
237.22 -16.428 2.9031
236.29 -16.201 2.9021
235.35 -15.973 2.9022
234.42 -15.744 2.9022
233.47 -15.514 2.9023
232.52 -15.285 2.9036
231.57 -15.056 2.905
230.61 -14.828 2.9068
229.65 -14.6 2.9085
228.68 -14.375 2.911
227.71 -14.152 2.9137
226.73 -13.931 2.9179
225.75 -13.714 2.9214
224.77 -13.501 2.926
223.77 -13.291 2.9314
222.78 -13.086 2.9361
221.77 -12.886 2.9415
220.77 -12.69 2.9465
219.75 -12.499 2.9524
218.74 -12.314 2.9581
217.71 -12.137 2.9659
216.68 -11.968 2.9749
215.65 -11.809 2.9839
214.6 -11.658 2.9937
213.56 -11.517 3.0029
212.5 -11.384 3.0118
211.44 -11.26 3.0208
210.38 -11.143 3.0286
209.31 -11.036 3.0369
208.23 -10.938 3.0459
207.15 -10.85 3.0559
206.07 -10.77 3.0648
204.98 -10.697 3.0718
203.88 -10.631 3.0778
202.78 -10.571 3.0839
201.68 -10.517 3.0898
200.57 -10.47 3.0961
199.46 -10.431 3.1033
198.34 -10.4 3.1101
197.22 -10.376 3.1169
196.1 -10.359 3.1233
194.97 -10.348 3.1292
193.85 -10.344 3.1351
192.71 -10.347 3.1411
191.58 -10.357 3.1472
190.44 -10.375 3.1538
189.3 -10.399 3.1598
188.15 -10.43 3.1658
187.01 -10.469 3.1724
185.86 -10.514 3.1779
184.72 -10.566 3.184
183.57 -10.624 3.1897
182.42 -10.688 3.1946
181.28 -10.758 3.2001
180.13 -10.833 3.2049
178.98 -10.914 3.2091
177.83 -11 3.2141
176.68 -11.092 3.2188
175.54 -11.19 3.2243
174.39 -11.294 3.2296
173.25 -11.405 3.2354
172.1 -11.522 3.2407
170.96 -11.646 3.2466
169.82 -11.776 3.2522
168.68 -11.912 3.2579
167.54 -12.054 3.2636
166.41 -12.203 3.2689
165.27 -12.356 3.2739
164.14 -12.515 3.2786
163.02 -12.68 3.2838
161.89 -12.851 3.2895
160.77 -13.027 3.295
159.65 -13.208 3.2996
158.54 -13.393 3.3042
157.43 -13.584 3.3094
156.32 -13.779 3.3135
155.21 -13.978 3.3172
154.1 -14.182 3.322
153 -14.39 3.3261
151.89 -14.603 3.3294
150.79 -14.82 3.3341
149.68 -15.043 3.3378
148.58 -15.27 3.3428
147.48 -15.501 3.3469
146.38 -15.736 3.3495
145.28 -15.974 3.3531
144.17 -16.215 3.3565
143.07 -16.459 3.3584
141.97 -16.706 3.3613
140.88 -16.955 3.3635
139.78 -17.205 3.3648
138.68 -17.458 3.3666
137.58 -17.713 3.3689
136.48 -17.969 3.37
135.39 -18.227 3.3723
134.29 -18.487 3.3734
133.2 -18.747 3.3748
132.1 -19.008 3.3755
131.01 -19.27 3.3759
129.91 -19.532 3.3763
128.82 -19.795 3.3773
127.73 -20.06 3.3788
126.64 -20.327 3.3819
125.56 -20.596 3.3833
124.48 -20.865 3.385
123.4 -21.135 3.3864
122.33 -21.406 3.388
121.26 -21.678 3.3897
120.19 -21.951 3.3907
119.13 -22.225 3.3935
118.07 -22.502 3.3964
117.02 -22.782 3.3992
115.97 -23.064 3.4033
114.93 -23.349 3.4067
113.9 -23.638 3.4111
112.86 -23.93 3.415
111.84 -24.224 3.4185
110.81 -24.522 3.4233
109.8 -24.824 3.4273
108.78 -25.13 3.4327
107.78 -25.439 3.4376
106.78 -25.753 3.4423
105.78 -26.072 3.4485
104.79 -26.395 3.4545
103.81 -26.723 3.4607
102.83 -27.054 3.465
101.85 -27.39 3.4693
100.87 -27.731 3.4741
99.891 -28.078 3.4794
98.915 -28.431 3.4855
97.941 -28.792 3.4927
96.968 -29.159 3.4992
95.996 -29.534 3.5066
95.026 -29.915 3.5128
94.058 -30.303 3.5183
93.091 -30.7 3.5269
92.125 -31.105 3.5351
91.162 -31.519 3.5431
90.201 -31.944 3.5529
89.242 -32.379 3.5625
88.284 -32.823 3.5711
87.328 -33.278 3.5805
86.375 -33.745 3.5924
85.423 -34.223 3.6015
84.475 -34.713 3.612
83.529 -35.216 3.6245
82.586 -35.732 3.6362
81.647 -36.262 3.6489
80.712 -36.806 3.6624
79.782 -37.364 3.6753
78.855 -37.935 3.688
77.933 -38.518 3.6992
77.018 -39.114 3.7117
76.11 -39.723 3.7257
75.211 -40.344 3.7396
74.319 -40.978 3.7527
73.435 -41.623 3.7655
72.559 -42.279 3.7785
71.691 -42.946 3.7905
70.83 -43.623 3.8027
69.978 -44.311 3.8141
69.135 -45.009 3.8268
68.301 -45.717 3.8401
67.475 -46.432 3.85
66.657 -47.153 3.8601
65.845 -47.879 3.8687
65.04 -48.606 3.8739
64.239 -49.336 3.8782
63.445 -50.068 3.8836
62.657 -50.802 3.8889
61.876 -51.537 3.8942
61.101 -52.273 3.8992
60.331 -53.009 3.9026
59.566 -53.744 3.906
58.806 -54.48 3.9089
58.052 -55.215 3.9122
57.303 -55.95 3.9158
56.559 -56.684 3.9195
55.819 -57.417 3.9214
55.082 -58.149 3.9228
54.35 -58.879 3.9247
53.623 -59.609 3.9274
52.9 -60.339 3.9302
52.183 -61.068 3.9337
51.469 -61.795 3.9359
50.757 -62.52 3.9364
50.05 -63.241 3.9361
49.345 -63.96 3.937
48.643 -64.676 3.9369
47.945 -65.39 3.9375
47.25 -66.1 3.9382
46.556 -66.807 3.9381
45.864 -67.51 3.9366
45.176 -68.211 3.9351
44.491 -68.908 3.9357
43.81 -69.603 3.9373
43.13 -70.295 3.9364
42.454 -70.985 3.936
41.78 -71.671 3.9373
41.106 -72.352 3.9361
40.433 -73.028 3.9323
39.763 -73.701 3.9292
39.093 -74.369 3.9286
38.424 -75.031 3.9259
37.755 -75.689 3.9221
37.087 -76.341 3.9188
36.417 -76.985 3.9148
35.747 -77.622 3.9078
35.075 -78.253 3.9011
34.404 -78.876 3.8955
33.732 -79.494 3.8902
33.06 -80.104 3.8852
32.385 -80.705 3.8781
31.71 -81.299 3.8698
31.034 -81.885 3.8628
30.358 -82.462 3.8563
29.681 -83.029 3.8479
29.005 -83.585 3.839
28.328 -84.132 3.8297
27.651 -84.668 3.821
26.974 -85.194 3.8115
26.298 -85.709 3.8022
25.621 -86.213 3.7928
24.943 -86.705 3.7806
24.264 -87.184 3.7694
23.585 -87.652 3.7571
22.904 -88.108 3.7443
22.223 -88.552 3.7318
21.54 -88.985 3.7193
20.857 -89.406 3.7068
20.173 -89.816 3.6943
19.487 -90.215 3.6815
18.798 -90.6 3.6676
18.109 -90.973 3.6518
17.418 -91.335 3.6375
16.727 -91.685 3.6247
16.033 -92.021 3.61
15.338 -92.343 3.593
14.642 -92.652 3.5755
13.944 -92.948 3.5593
13.245 -93.228 3.5417
12.544 -93.493 3.5226
11.843 -93.744 3.5036
11.141 -93.98 3.4851
10.438 -94.2 3.4658
9.7353 -94.406 3.4456
9.0323 -94.598 3.4271
8.3297 -94.776 3.408
7.6275 -94.939 3.389
6.9263 -95.087 3.3697
6.2268 -95.221 3.3503
5.529 -95.341 3.3311
4.8336 -95.443 3.3106
4.1415 -95.529 3.2877
3.4528 -95.6 3.2655
2.7677 -95.656 3.2437
2.0858 -95.698 3.2237
1.4041 -95.726 3.2032
0.72119 -95.74 3.1825
0.036503 -95.74 3.1621
-0.64955 -95.728 3.1419
-1.3372 -95.702 3.1235
-2.0268 -95.663 3.1043
-2.7181 -95.61 3.0852
-3.4116 -95.544 3.0649
-4.1068 -95.464 3.0461
-4.8035 -95.371 3.0277
-5.5015 -95.264 3.0085
-6.2003 -95.143 2.9891
-6.9 -95.007 2.9701
-7.6006 -94.858 2.9503
-8.3019 -94.696 2.9323
-9.0034 -94.521 2.9148
-9.7056 -94.332 2.896
-10.408 -94.132 2.8795
-11.112 -93.921 2.8642
-11.816 -93.7 2.8506
-12.519 -93.465 2.8362
-13.222 -93.217 2.8195
-13.925 -92.959 2.803
-14.627 -92.689 2.79
-15.327 -92.406 2.7745
-16.026 -92.107 2.757
-16.72 -91.794 2.7375
-17.411 -91.463 2.7175
-18.097 -91.115 2.6954
-18.78 -90.752 2.6721
-19.459 -90.375 2.6523
-20.134 -89.983 2.6354
-20.805 -89.575 2.6157
-21.471 -89.153 2.5947
-22.132 -88.717 2.5766
-22.788 -88.266 2.5591
-23.437 -87.799 2.5393
-24.079 -87.317 2.5174
-24.714 -86.821 2.4978
-25.342 -86.311 2.4786
-25.962 -85.789 2.4594
-26.574 -85.253 2.4415
-27.177 -84.704 2.4226
-27.771 -84.143 2.4032
-28.354 -83.57 2.3842
-28.926 -82.985 2.3648
-29.487 -82.387 2.345
-30.037 -81.778 2.3249
-30.575 -81.156 2.305
-31.099 -80.521 2.2847
-31.607 -79.874 2.2599
-32.1 -79.213 2.2362
-32.576 -78.541 2.2117
-33.037 -77.856 2.1874
-33.48 -77.159 2.1625
-33.907 -76.452 2.1377
-34.318 -75.734 2.1144
-34.711 -75.006 2.0902
-35.086 -74.267 2.0652
-35.444 -73.519 2.0412
-35.785 -72.763 2.0172
-36.109 -71.999 1.9942
-36.415 -71.227 1.9716
-36.706 -70.448 1.949
-36.98 -69.661 1.9275
-37.238 -68.87 1.906
-37.482 -68.072 1.8866
-37.709 -67.27 1.8672
-37.919 -66.462 1.8472
-38.113 -65.65 1.8251
-38.293 -64.834 1.8052
-38.457 -64.014 1.7872
-38.605 -63.189 1.7682
-38.739 -62.36 1.7486
-38.86 -61.528 1.7314
-38.967 -60.691 1.7147
-39.062 -59.852 1.6981
-39.146 -59.011 1.6835
-39.218 -58.168 1.67
-39.279 -57.323 1.656
-39.33 -56.477 1.6431
-39.37 -55.63 1.6309
-39.399 -54.781 1.6181
-39.417 -53.931 1.6049
-39.424 -53.08 1.5919
-39.423 -52.227 1.5799
-39.412 -51.374 1.5693
-39.39 -50.519 1.5577
-39.358 -49.663 1.5454
-39.316 -48.807 1.5331
-39.266 -47.95 1.5221
-39.206 -47.092 1.5123
-39.137 -46.233 1.5014
-39.06 -45.373 1.4907
-38.973 -44.513 1.481
-38.875 -43.653 1.4699
-38.765 -42.792 1.4572
-38.643 -41.932 1.4439
-38.51 -41.071 1.4302
-38.367 -40.211 1.4176
-38.212 -39.352 1.4054
-38.046 -38.493 1.393
-37.866 -37.636 1.3793
-37.674 -36.779 1.3641
-37.471 -35.925 1.3503
-37.256 -35.073 1.3368
-37.029 -34.222 1.324
-36.791 -33.372 1.3102
-36.541 -32.524 1.2972
-36.28 -31.679 1.2849
-36.005 -30.837 1.2704
-35.721 -29.997 1.256
-35.424 -29.16 1.2441
-35.117 -28.325 1.2306
-34.796 -27.494 1.2175
-34.462 -26.668 1.2023
-34.117 -25.846 1.1868
-33.758 -25.029 1.1733
-33.384 -24.218 1.1572
-32.995 -23.413 1.1392
-32.589 -22.617 1.12
-32.167 -21.828 1.0991
-31.732 -21.045 1.0799
-31.283 -20.271 1.0635
-30.817 -19.505 1.0448
-30.337 -18.748 1.0245
-29.844 -17.998 1.0058
-29.337 -17.258 0.9889
-28.815 -16.526 0.97033
-28.279 -15.805 0.95151
-27.729 -15.093 0.93171
-27.167 -14.39 0.91319
-26.592 -13.697 0.89625
-26.005 -13.013 0.8781
-25.407 -12.339 0.86101
-24.797 -11.674 0.84541
-24.176 -11.02 0.82849
-23.542 -10.378 0.81095
-22.897 -9.747 0.79271
-22.241 -9.1278 0.77393
-21.574 -8.5196 0.75651
-20.897 -7.9242 0.73941
-20.209 -7.3419 0.72086
-19.51 -6.7734 0.70235
-18.802 -6.2174 0.6831
-18.086 -5.6734 0.66599
-17.36 -5.1431 0.64927
-16.626 -4.6256 0.63118
-15.883 -4.1221 0.61388
-15.133 -3.6314 0.59575
-14.374 -3.1541 0.57905
-13.608 -2.6903 0.56163
-12.834 -2.2405 0.5443
-12.053 -1.8046 0.52665
-11.265 -1.3808 0.50903
-10.471 -0.96902 0.49354
-9.6707 -0.56924 0.4783
-8.8649 -0.18169 0.46323
-8.0528 0.19363 0.44829
-7.2352 0.556 0.43292
-6.4119 0.90614 0.41722
-5.583 1.2428 0.40213
-4.7487 1.5675 0.38579
-3.9095 1.8803 0.37114
-3.0656 2.1818 0.3568
-2.2171 2.4722 0.34309
-1.3641 2.7529 0.32977
-0.50718 3.0257 0.3179
0.3534 3.2907 0.30824
1.2171 3.549 0.29874
2.0841 3.8004 0.2906
2.9537 4.0458 0.28223
3.8259 4.2865 0.275
4.6998 4.5244 0.2693
5.5751 4.7599 0.26574
6.452 4.9944 0.26285
7.3296 5.2278 0.26128
8.2091 5.4593 0.2599
9.0907 5.6875 0.25739
9.9737 5.9134 0.25332
10.858 6.1378 0.25046
11.745 6.3591 0.24841
12.634 6.5786 0.24453
13.523 6.7966 0.24224
14.415 7.0105 0.24034
15.308 7.2211 0.23543
16.202 7.4293 0.23167
17.099 7.6347 0.22863
17.998 7.8358 0.22518
18.898 8.0329 0.22019
19.801 8.2275 0.21545
20.705 8.4191 0.21236
21.611 8.6062 0.20886
22.519 8.7903 0.20352
23.429 8.9717 0.20004
24.341 9.15 0.19681
25.256 9.3254 0.19305
26.172 9.4988 0.18948
27.089 9.6704 0.18713
28.009 9.8374 0.18483
28.928 10 0.17972
29.848 10.162 0.17546
30.768 10.321 0.17412
31.688 10.478 0.17136
32.607 10.633 0.16836
33.525 10.788 0.16767
34.443 10.942 0.1668
35.36 11.095 0.16598
36.277 11.247 0.16589
37.193 11.397 0.1642
38.11 11.546 0.1619
39.028 11.693 0.16102
39.946 11.837 0.1591
40.865 11.98 0.15599
41.784 12.121 0.15377
42.704 12.261 0.15233
43.624 12.399 0.15101
44.544 12.534 0.14893
45.465 12.668 0.14622
46.385 12.799 0.14354
47.305 12.928 0.14204
48.225 13.054 0.13877
49.144 13.178 0.13688
50.063 13.299 0.13376
50.982 13.418 0.13112
51.901 13.533 0.12847
52.82 13.645 0.1246
53.739 13.754 0.12079
54.66 13.861 0.11802
55.581 13.965 0.11576
56.504 14.068 0.1132
57.428 14.168 0.11076
58.352 14.266 0.10784
59.278 14.363 0.1056
60.205 14.46 0.10438
61.132 14.558 0.10508
62.061 14.656 0.10511
62.99 14.753 0.10475
63.92 14.85 0.10423
64.85 14.947 0.10414
65.782 15.044 0.10377
66.714 15.14 0.10325
67.647 15.236 0.10292
68.581 15.332 0.10289
69.516 15.428 0.10258
70.452 15.523 0.10161
71.388 15.618 0.10197
72.326 15.713 0.10111
73.264 15.807 0.10058
74.203 15.901 0.099986
75.143 15.993 0.099173
76.083 16.086 0.098462
77.024 16.178 0.098066
77.965 16.27 0.097458
78.907 16.361 0.097064
79.85 16.452 0.097092
80.793 16.544 0.096471
81.737 16.635 0.096537
82.681 16.726 0.096343
83.626 16.815 0.095586
84.571 16.905 0.094646
85.517 16.995 0.094777
86.463 17.083 0.094418
87.41 17.171 0.093125
88.357 17.257 0.092268
89.304 17.343 0.091579
90.253 17.427 0.089917
91.202 17.511 0.088309
92.152 17.594 0.088387
93.102 17.674 0.086788
94.053 17.754 0.084534
95.004 17.832 0.083777
95.956 17.909 0.082325
96.909 17.985 0.080307
97.862 18.058 0.079036
98.816 18.129 0.077078
99.77 18.199 0.074378
100.72 18.268 0.073185
101.68 18.334 0.071839
102.64 18.4 0.069218
103.59 18.466 0.068962
104.55 18.531 0.068719
105.51 18.597 0.068205
106.46 18.662 0.068158
107.42 18.726 0.068179
108.38 18.79 0.067085
109.34 18.853 0.066523
110.3 18.916 0.065853
111.26 18.978 0.06524
112.22 19.041 0.064725
113.18 19.103 0.064656
114.14 19.165 0.064661
115.11 19.227 0.064603
116.07 19.289 0.064539
117.03 19.351 0.06407
118 19.412 0.063622
118.96 19.474 0.063989
119.93 19.536 0.064154
120.9 19.597 0.063504
121.86 19.66 0.064312
122.83 19.722 0.064634
123.8 19.785 0.064719
124.77 19.849 0.065186
125.74 19.913 0.06606
126.71 19.977 0.065986
127.68 20.042 0.06638
128.65 20.107 0.066393
129.62 20.172 0.066896
130.6 20.237 0.066645
131.58 20.302 0.066719
132.55 20.368 0.066793
133.53 20.434 0.067412
134.52 20.501 0.067623
135.5 20.569 0.067931
136.49 20.637 0.068949
137.48 20.705 0.06898
138.47 20.774 0.069077
139.47 20.844 0.069753
140.47 20.914 0.070103
141.47 20.985 0.070223
142.48 21.057 0.07065
143.49 21.129 0.07075
144.51 21.201 0.071278
145.53 21.274 0.071319
146.55 21.347 0.071576
147.58 21.421 0.07171
148.61 21.496 0.07235
149.64 21.571 0.072209
150.68 21.647 0.072995
151.72 21.723 0.072985
152.76 21.8 0.072986
153.81 21.877 0.073719
154.86 21.955 0.073768
155.92 22.033 0.073802
156.98 22.112 0.074161
158.04 22.19 0.074543
159.1 22.269 0.073761
160.17 22.348 0.074008
161.24 22.427 0.073716
162.32 22.505 0.07356
163.39 22.584 0.072762
164.48 22.663 0.073251
165.56 22.742 0.072965
166.65 22.821 0.072326
167.74 22.9 0.072569
168.84 22.979 0.072101
169.94 23.057 0.071635
171.04 23.136 0.071836
172.14 23.214 0.070957
173.25 23.293 0.071041
174.36 23.371 0.070932
175.47 23.449 0.070406
176.58 23.527 0.070285
177.69 23.605 0.070059
178.8 23.682 0.069764
179.91 23.758 0.068936
181.03 23.835 0.068832
182.14 23.912 0.06901
183.25 23.987 0.068706
184.37 24.063 0.067951
185.48 24.139 0.06794
186.6 24.213 0.067413
187.71 24.288 0.066727
188.83 24.361 0.066955
189.95 24.435 0.065731
191.06 24.508 0.065678
192.18 24.58 0.065108
193.3 24.652 0.064424
194.42 24.725 0.065013
195.54 24.796 0.064694
196.65 24.868 0.064124
197.77 24.94 0.064183
198.89 25.012 0.064033
200.01 25.085 0.064722
201.13 25.159 0.065507
202.25 25.232 0.065608
203.37 25.305 0.065233
204.49 25.378 0.065188
205.61 25.451 0.065331
206.72 25.525 0.065426
207.84 25.599 0.066194
208.95 25.675 0.067419
210.06 25.751 0.067798
211.17 25.828 0.06897
212.28 25.906 0.069788
213.38 25.985 0.070914
214.49 26.064 0.071649
215.59 26.143 0.071555
216.69 26.221 0.071782
217.79 26.299 0.070955
218.88 26.378 0.071153
219.98 26.457 0.071801
221.07 26.537 0.072711
222.16 26.619 0.074108
223.24 26.703 0.076179
224.33 26.787 0.077307
225.41 26.872 0.077804
226.5 26.958 0.078666
227.58 27.043 0.078724
228.66 27.128 0.078921
229.74 27.214 0.079072
230.82 27.3 0.079211
231.89 27.387 0.080212
232.96 27.473 0.080377
234.04 27.56 0.080575
235.1 27.648 0.081503
236.17 27.735 0.082071
237.23 27.822 0.081659
238.29 27.908 0.081456
239.34 27.993 0.081267
240.39 28.078 0.080984
241.43 28.161 0.080796
242.46 28.243 0.079799
243.48 28.324 0.079443
244.48 28.403 0.079069
245.48 28.481 0.078429
246.46 28.557 0.078119
247.42 28.63 0.077164
248.37 28.699 0.075745
249.3 28.762 0.072575
250.22 28.82 0.068432
251.11 28.87 0.062424
252 28.912 0.055738
252.87 28.946 0.047825
253.72 28.97 0.039155
254.55 28.984 0.028276
255.37 28.986 0.016683
255.37 28.986 0.0028669
256.15 28.962 6.2701
256.91 28.92 6.2519
257.66 28.862 6.2289
258.39 28.79 6.2054
259.11 28.702 6.1846
259.82 28.594 6.1615
260.53 28.467 6.1331
261.22 28.324 6.1049
261.9 28.161 6.079
262.57 27.978 6.0497
263.23 27.773 6.0168
263.88 27.55 5.9822
264.51 27.308 5.9504
265.14 27.049 5.9189
265.75 26.773 5.8884
266.35 26.48 5.8582
266.95 26.169 5.8311
267.53 25.84 5.8028
268.11 25.494 5.7737
268.68 25.13 5.7439
269.24 24.749 5.7145
269.79 24.353 5.6851
270.33 23.942 5.6574
270.85 23.513 5.6286
271.36 23.067 5.597
271.86 22.606 5.5659
272.34 22.131 5.5356
272.81 21.641 5.5059
273.27 21.136 5.478
273.71 20.616 5.4463
274.13 20.084 5.4151
274.54 19.538 5.3867
274.94 18.978 5.3584
275.32 18.404 5.3256
275.68 17.818 5.2946
276.02 17.219 5.2646
276.35 16.608 5.2355
276.66 15.985 5.204
276.95 15.349 5.1714
277.22 14.703 5.1405
277.48 14.046 5.1135
277.71 13.379 5.0808
277.92 12.701 5.0446
278.11 12.016 5.0124
278.28 11.323 4.9829
278.43 10.623 4.9544
278.56 9.9179 4.9246
278.67 9.2068 4.8949
278.75 8.4908 4.8631
278.82 7.7716 4.8316
278.86 7.0486 4.8026
278.88 6.3228 4.7728
278.88 5.5949 4.7428
278.86 4.8651 4.712
278.81 4.1341 4.6814
278.75 3.4021 4.6513
278.66 2.6701 4.6201
278.54 1.9378 4.5884
278.41 1.2059 4.5573
278.25 0.47543 4.5285
278.06 -0.25176 4.4982
277.85 -0.9752 4.4635
277.62 -1.6955 4.429
277.37 -2.4118 4.4005
277.09 -3.122 4.3734
276.79 -3.8248 4.3407
276.46 -4.5198 4.307
276.11 -5.2052 4.2745
275.74 -5.8815 4.2412
275.35 -6.5473 4.209
274.93 -7.2023 4.1773
274.49 -7.8447 4.1451
274.02 -8.4732 4.1108
273.54 -9.0882 4.0756
273.03 -9.6905 4.0427
272.5 -10.279 4.0125
271.95 -10.853 3.9817
271.39 -11.412 3.9507
270.81 -11.956 3.9214
270.2 -12.484 3.8929
269.58 -12.993 3.8616
268.95 -13.485 3.8298
268.29 -13.959 3.7993
267.63 -14.414 3.7697
266.94 -14.848 3.7378
266.24 -15.262 3.7065
265.53 -15.655 3.676
264.8 -16.026 3.6444
264.05 -16.372 3.6122
263.3 -16.695 3.5778
262.53 -16.995 3.5457
261.75 -17.271 3.5142
260.96 -17.523 3.4823
260.16 -17.749 3.4499
259.36 -17.951 3.4178
258.54 -18.126 3.386
257.72 -18.276 3.3539
256.89 -18.4 3.3214
256.05 -18.498 3.2896
255.21 -18.569 3.2578
254.36 -18.614 3.2259
253.51 -18.634 3.1951
252.66 -18.629 3.1656
251.8 -18.599 3.1351
250.94 -18.544 3.1063
250.07 -18.466 3.0783
249.21 -18.364 3.0512
248.34 -18.243 3.0253
247.46 -18.102 3.003
246.59 -17.944 2.9815
245.71 -17.772 2.9633
244.83 -17.588 2.948
243.94 -17.395 2.9361
243.05 -17.194 2.9268
242.15 -16.985 2.9195
241.25 -16.772 2.9131
240.35 -16.555 2.9094
239.44 -16.335 2.9063
238.52 -16.111 2.9044
237.59 -15.884 2.9024
236.66 -15.654 2.901
235.73 -15.424 2.8996
234.78 -15.192 2.9005
233.83 -14.959 2.9012
232.88 -14.726 2.9015
231.92 -14.491 2.9019
230.95 -14.258 2.9034
229.97 -14.026 2.9064
228.99 -13.796 2.91
228 -13.569 2.9134
227.01 -13.344 2.9173
226.01 -13.121 2.9209
225 -12.901 2.9248
223.98 -12.685 2.9291
222.96 -12.473 2.9346
221.93 -12.265 2.9402
220.89 -12.063 2.9455
219.85 -11.866 2.9523
218.79 -11.676 2.9585
217.74 -11.493 2.9662
216.67 -11.317 2.9743
215.59 -11.151 2.9834
214.51 -10.995 2.9927
213.42 -10.848 3.0034
212.33 -10.711 3.0123
211.22 -10.583 3.0219
210.11 -10.465 3.031
209 -10.356 3.0395
207.87 -10.257 3.049
206.74 -10.17 3.0591
205.61 -10.093 3.0695
204.47 -10.025 3.0782
203.32 -9.9679 3.0871
202.17 -9.9202 3.0958
201.02 -9.882 3.1042
199.87 -9.8532 3.1126
198.71 -9.8337 3.1207
197.55 -9.8234 3.1289
196.38 -9.821 3.1364
195.21 -9.8258 3.1427
194.05 -9.8368 3.1487
192.87 -9.8537 3.1534
191.7 -9.8768 3.1587
190.53 -9.9061 3.1639
189.36 -9.9417 3.1692
188.19 -9.9835 3.1746
187.02 -10.032 3.18
185.85 -10.086 3.1856
184.68 -10.145 3.1898
183.52 -10.209 3.1944
182.35 -10.278 3.1988
181.19 -10.352 3.2034
180.04 -10.431 3.2076
178.88 -10.514 3.2114
177.73 -10.602 3.2157
176.58 -10.693 3.2194
175.44 -10.789 3.2231
174.3 -10.889 3.2273
173.16 -10.993 3.2311
172.03 -11.102 3.2349
170.91 -11.214 3.2394
169.79 -11.331 3.2434
168.67 -11.452 3.2473
167.56 -11.577 3.2515
166.45 -11.706 3.2557
165.35 -11.839 3.2598
164.25 -11.977 3.2638
163.16 -12.119 3.2683
162.07 -12.265 3.2728
160.98 -12.416 3.2776
159.91 -12.572 3.2828
158.83 -12.733 3.2874
157.76 -12.898 3.2924
156.7 -13.069 3.2979
155.64 -13.243 3.3025
154.58 -13.422 3.3067
153.53 -13.605 3.3121
152.48 -13.792 3.3169
151.44 -13.983 3.3204
150.41 -14.177 3.3247
149.37 -14.374 3.3283
148.35 -14.574 3.3316
147.32 -14.777 3.3361
146.3 -14.982 3.3389
145.29 -15.189 3.3414
144.27 -15.4 3.3445
143.26 -15.613 3.3476
142.24 -15.83 3.35
141.23 -16.049 3.353
140.21 -16.27 3.3559
139.2 -16.493 3.3574
138.18 -16.719 3.3586
137.17 -16.947 3.3615
136.16 -17.18 3.3649
135.14 -17.417 3.3701
134.13 -17.658 3.3738
133.12 -17.901 3.3766
132.11 -18.147 3.3796
131.1 -18.395 3.3814
130.09 -18.645 3.3836
129.08 -18.897 3.3849
128.07 -19.15 3.3866
127.07 -19.406 3.3887
126.06 -19.663 3.3909
125.05 -19.922 3.3924
124.04 -20.181 3.3927
123.03 -20.441 3.3932
122.02 -20.701 3.3939
121.01 -20.961 3.394
120 -21.221 3.3936
118.99 -21.481 3.3938
117.99 -21.743 3.3948
116.98 -22.005 3.396
115.98 -22.269 3.3976
114.98 -22.533 3.3999
113.98 -22.798 3.4006
112.99 -23.063 3.4022
112 -23.329 3.4034
111.01 -23.594 3.4038
110.03 -23.859 3.4053
109.06 -24.124 3.4061
108.09 -24.389 3.4071
107.12 -24.654 3.4081
106.15 -24.919 3.4089
105.19 -25.184 3.4108
104.24 -25.451 3.4121
103.28 -25.719 3.4146
102.34 -25.99 3.4176
101.39 -26.266 3.423
100.46 -26.547 3.4298
99.528 -26.834 3.4369
98.603 -27.129 3.4455
97.685 -27.431 3.4542
96.773 -27.74 3.4641
95.869 -28.058 3.4738
94.97 -28.383 3.4845
94.079 -28.715 3.4934
93.194 -29.055 3.5029
92.315 -29.404 3.5144
91.44 -29.761 3.5243
90.57 -30.127 3.5344
89.703 -30.502 3.5447
88.841 -30.887 3.5554
87.982 -31.282 3.5662
87.127 -31.688 3.5789
86.277 -32.106 3.592
85.432 -32.535 3.6055
84.592 -32.975 3.6172
83.757 -33.427 3.6315
82.926 -33.889 3.6434
82.1 -34.363 3.6553
81.279 -34.849 3.6697
80.463 -35.345 3.682
79.652 -35.852 3.6942
78.845 -36.368 3.705
78.042 -36.892 3.7157
77.242 -37.425 3.7252
76.446 -37.965 3.7326
75.655 -38.513 3.7427
74.87 -39.07 3.7536
74.088 -39.635 3.7629
73.311 -40.207 3.7718
72.541 -40.787 3.7815
71.775 -41.372 3.791
71.015 -41.963 3.7981
70.26 -42.557 3.8053
69.51 -43.156 3.8118
68.767 -43.758 3.8189
68.03 -44.367 3.8276
67.298 -44.979 3.8349
66.57 -45.597 3.8414
65.847 -46.221 3.8501
65.128 -46.851 3.8579
64.412 -47.486 3.8635
63.698 -48.126 3.8698
62.988 -48.771 3.8759
62.281 -49.422 3.8824
61.576 -50.079 3.8888
60.874 -50.743 3.8958
60.173 -51.413 3.9021
59.475 -52.089 3.9078
58.778 -52.77 3.9131
58.082 -53.455 3.9175
57.388 -54.143 3.9206
56.696 -54.835 3.9246
56.005 -55.53 3.9285
55.316 -56.226 3.9313
54.629 -56.924 3.9336
53.943 -57.623 3.9357
53.26 -58.322 3.9376
52.579 -59.021 3.9392
51.901 -59.72 3.9413
51.226 -60.418 3.9432
50.554 -61.115 3.9448
49.883 -61.809 3.9447
49.216 -62.501 3.944
48.552 -63.191 3.9462
47.893 -63.878 3.947
47.236 -64.562 3.9475
46.581 -65.244 3.948
45.927 -65.921 3.9472
45.275 -66.593 3.9441
44.624 -67.261 3.9417
43.976 -67.927 3.9404
43.332 -68.59 3.9416
42.689 -69.249 3.9413
42.048 -69.904 3.939
41.41 -70.555 3.9377
40.774 -71.203 3.9383
40.138 -71.846 3.9362
39.504 -72.485 3.9321
38.872 -73.12 3.9303
38.244 -73.753 3.9305
37.616 -74.381 3.9299
36.99 -75.005 3.9277
36.365 -75.625 3.9252
35.742 -76.24 3.9233
35.118 -76.85 3.9199
34.497 -77.455 3.9158
33.876 -78.055 3.9133
33.258 -78.651 3.9103
32.642 -79.244 3.9094
32.027 -79.832 3.9081
31.412 -80.413 3.9043
30.798 -80.989 3.8985
30.184 -81.558 3.8944
29.569 -82.12 3.8895
28.955 -82.676 3.8829
28.34 -83.222 3.8767
27.724 -83.759 3.8679
27.108 -84.287 3.8588
26.491 -84.804 3.8493
25.873 -85.311 3.8393
25.254 -85.807 3.8294
24.634 -86.29 3.8172
24.012 -86.76 3.8025
23.389 -87.219 3.7894
22.767 -87.667 3.7769
22.143 -88.101 3.765
21.518 -88.52 3.7492
20.893 -88.927 3.7323
20.266 -89.322 3.7182
19.638 -89.706 3.7052
19.009 -90.078 3.6903
18.377 -90.437 3.6751
17.744 -90.784 3.6589
17.111 -91.12 3.6425
16.476 -91.446 3.6297
15.841 -91.76 3.6153
15.206 -92.063 3.6019
14.572 -92.354 3.587
13.938 -92.633 3.571
13.307 -92.9 3.556
12.677 -93.154 3.5413
12.051 -93.397 3.5261
11.427 -93.628 3.5111
10.807 -93.845 3.4961
10.19 -94.05 3.4785
9.5779 -94.241 3.4619
8.9705 -94.42 3.4452
8.3671 -94.585 3.4268
7.7673 -94.738 3.4089
7.1707 -94.88 3.3923
6.5774 -95.01 3.375
5.9879 -95.128 3.3571
5.4023 -95.233 3.3385
4.8206 -95.326 3.3194
4.2434 -95.408 3.3008
3.6697 -95.479 3.2828
3.0964 -95.539 3.2632
2.5233 -95.59 3.2473
1.9511 -95.629 3.2288
1.3797 -95.66 3.2112
0.80841 -95.68 3.1945
0.2362 -95.691 3.1777
-0.33732 -95.694 3.1609
-0.9115 -95.687 3.1458
-1.4871 -95.67 3.129
-2.0646 -95.646 3.1131
-2.6452 -95.613 3.0991
-3.2301 -95.572 3.0856
-3.8192 -95.522 3.0711
-4.4129 -95.465 3.0581
-5.0112 -95.4 3.0449
-5.6146 -95.328 3.0344
-6.2222 -95.247 3.0227
-6.8343 -95.157 3.0088
-7.4508 -95.059 2.9956
-8.0719 -94.951 2.9829
-8.697 -94.834 2.9703
-9.326 -94.707 2.956
-9.9582 -94.569 2.9421
-10.593 -94.421 2.9271
-11.231 -94.263 2.9131
-11.871 -94.093 2.8984
-12.512 -93.913 2.8825
-13.155 -93.72 2.8677
-13.8 -93.515 2.8503
-14.444 -93.298 2.8332
-15.088 -93.07 2.8167
-15.732 -92.829 2.8004
-16.374 -92.577 2.7847
-17.016 -92.313 2.7679
-17.655 -92.038 2.7506
-18.292 -91.751 2.7349
-18.926 -91.452 2.7182
-19.555 -91.141 2.7008
-20.18 -90.817 2.6822
-20.802 -90.482 2.6634
-21.42 -90.136 2.6474
-22.035 -89.779 2.6323
-22.645 -89.409 2.6157
-23.251 -89.026 2.5959
-23.854 -88.633 2.5784
-24.453 -88.229 2.5635
-25.048 -87.815 2.5483
-25.636 -87.389 2.5331
-26.217 -86.95 2.5152
-26.79 -86.498 2.4941
-27.355 -86.035 2.4735
-27.912 -85.56 2.4551
-28.459 -85.073 2.436
-28.996 -84.571 2.4142
-29.523 -84.058 2.3903
-30.038 -83.532 2.3691
-30.542 -82.994 2.3462
-31.034 -82.442 2.3226
-31.514 -81.878 2.2988
-31.982 -81.301 2.2758
-32.439 -80.714 2.2537
-32.881 -80.114 2.231
-33.311 -79.503 2.2062
-33.728 -78.881 2.1845
-34.131 -78.247 2.161
-34.52 -77.603 2.1377
-34.897 -76.949 2.1141
-35.26 -76.285 2.0926
-35.612 -75.613 2.0723
-35.95 -74.93 2.0525
-36.274 -74.239 2.0302
-36.585 -73.539 2.0093
-36.883 -72.83 1.9893
-37.167 -72.114 1.9687
-37.438 -71.39 1.9484
-37.698 -70.659 1.9292
-37.947 -69.921 1.9125
-38.183 -69.177 1.8958
-38.408 -68.426 1.8778
-38.622 -67.67 1.8617
-38.823 -66.909 1.8465
-39.011 -66.143 1.8294
-39.186 -65.372 1.8115
-39.348 -64.597 1.7936
-39.497 -63.818 1.7769
-39.636 -63.035 1.7607
-39.765 -62.249 1.7462
-39.885 -61.46 1.7337
-39.994 -60.667 1.7212
-40.092 -59.872 1.7072
-40.179 -59.072 1.6934
-40.256 -58.27 1.679
-40.323 -57.466 1.6666
-40.383 -56.658 1.6548
-40.435 -55.849 1.6449
-40.478 -55.037 1.6344
-40.511 -54.223 1.6235
-40.536 -53.408 1.6121
-40.552 -52.591 1.6013
-40.56 -51.773 1.5905
-40.56 -50.954 1.5805
-40.549 -50.134 1.5699
-40.53 -49.314 1.5583
-40.502 -48.495 1.5471
-40.466 -47.677 1.5365
-40.422 -46.859 1.5276
-40.368 -46.043 1.516
-40.305 -45.229 1.5048
-40.233 -44.416 1.4941
-40.15 -43.605 1.4824
-40.057 -42.797 1.4693
-39.954 -41.99 1.4562
-39.84 -41.187 1.443
-39.715 -40.385 1.4299
-39.579 -39.586 1.4158
-39.434 -38.79 1.4027
-39.278 -37.997 1.3903
-39.111 -37.208 1.3774
-38.932 -36.421 1.3615
-38.743 -35.639 1.3469
-38.546 -34.859 1.3347
-38.337 -34.084 1.3223
-38.117 -33.312 1.3077
-37.889 -32.544 1.2939
-37.65 -31.78 1.2816
-37.4 -31.02 1.268
-37.141 -30.265 1.2529
-36.873 -29.514 1.2402
-36.595 -28.767 1.2282
-36.308 -28.025 1.2145
-36.01 -27.287 1.2018
-35.702 -26.555 1.1865
-35.384 -25.826 1.1727
-35.058 -25.099 1.1597
-34.72 -24.376 1.1487
-34.373 -23.656 1.1342
-34.014 -22.941 1.121
-33.645 -22.229 1.1066
-33.264 -21.522 1.0916
-32.875 -20.817 1.0775
-32.474 -20.118 1.0656
-32.061 -19.424 1.0505
-31.636 -18.736 1.0338
-31.201 -18.053 1.0173
-30.755 -17.375 1.0038
-30.297 -16.703 0.98896
-29.827 -16.039 0.97241
-29.344 -15.381 0.95488
-28.85 -14.731 0.93728
-28.345 -14.087 0.92091
-27.828 -13.451 0.90624
-27.3 -12.823 0.88902
-26.761 -12.203 0.87113
-26.211 -11.591 0.85487
-25.649 -10.987 0.83893
-25.076 -10.393 0.82137
-24.491 -9.8084 0.80379
-23.894 -9.2336 0.78463
-23.285 -8.6671 0.76653
-22.665 -8.109 0.74943
-22.033 -7.5601 0.73271
-21.388 -7.0212 0.71468
-20.731 -6.4929 0.69631
-20.062 -5.9744 0.67726
-19.382 -5.4661 0.65934
-18.691 -4.968 0.64232
-17.989 -4.4799 0.62449
-17.275 -4.0014 0.60729
-16.551 -3.5322 0.59079
-15.815 -3.0728 0.57461
-15.068 -2.6236 0.55809
-14.309 -2.1843 0.54117
-13.54 -1.7565 0.52499
-12.76 -1.3394 0.50768
-11.971 -0.93259 0.49117
-11.171 -0.53584 0.47567
-10.362 -0.14951 0.4606
-9.5429 0.22544 0.44552
-8.7141 0.58859 0.42925
-7.8757 0.94068 0.41296
-7.0284 1.2825 0.39758
-6.1721 1.6132 0.38347
-5.3071 1.9341 0.36856
-4.4343 2.2453 0.35526
-3.5539 2.5475 0.34245
-2.6659 2.8422 0.33068
-1.771 3.1296 0.32041
-0.86957 3.4109 0.3108
0.038016 3.6873 0.30243
0.9508 3.9614 0.29561
1.8685 4.2339 0.29176
2.7908 4.5062 0.28862
3.7176 4.7774 0.28708
4.6492 5.0462 0.28466
5.5862 5.3131 0.2809
6.5283 5.577 0.27753
7.4765 5.8372 0.27314
8.4309 6.0916 0.26783
9.3912 6.3416 0.26051
10.358 6.5865 0.25464
11.331 6.8251 0.24813
12.31 7.0588 0.24051
13.294 7.287 0.23436
14.285 7.5082 0.22771
15.282 7.7246 0.21963
16.285 7.9354 0.21384
17.293 8.1396 0.20724
18.309 8.3363 0.19967
19.329 8.5275 0.19138
20.356 8.7132 0.18512
21.389 8.8935 0.17894
22.426 9.0712 0.17289
23.469 9.2453 0.16959
24.518 9.4159 0.16548
25.571 9.5837 0.16128
26.628 9.7487 0.15804
27.69 9.9105 0.15479
28.755 10.072 0.15118
29.823 10.232 0.15002
30.894 10.391 0.14916
31.968 10.551 0.14776
33.044 10.711 0.14799
34.123 10.871 0.14766
35.204 11.03 0.14663
36.285 11.189 0.14634
37.367 11.348 0.14618
38.449 11.506 0.14534
39.531 11.666 0.1459
40.611 11.825 0.14703
41.691 11.985 0.14661
42.769 12.144 0.1466
43.846 12.304 0.14709
44.922 12.465 0.148
45.997 12.626 0.14793
47.071 12.787 0.14908
48.143 12.948 0.1494
49.214 13.108 0.14865
50.284 13.268 0.14838
51.353 13.428 0.14936
52.421 13.587 0.14844
53.487 13.745 0.1476
54.551 13.901 0.14712
55.612 14.057 0.14617
56.672 14.212 0.14588
57.728 14.365 0.14511
58.781 14.516 0.14406
59.832 14.666 0.14243
60.879 14.814 0.14159
61.924 14.959 0.13994
62.966 15.103 0.13821
64.008 15.245 0.13717
65.049 15.385 0.13591
66.089 15.524 0.13382
67.129 15.662 0.13271
68.169 15.797 0.13142
69.208 15.931 0.12966
70.247 16.064 0.12821
71.286 16.194 0.12697
72.325 16.321 0.12411
73.363 16.445 0.12189
74.401 16.567 0.1193
75.439 16.686 0.11659
76.476 16.802 0.114
77.512 16.915 0.11141
78.548 17.026 0.10897
79.583 17.135 0.10695
80.617 17.241 0.10453
81.651 17.344 0.10261
82.683 17.441 0.098505
83.715 17.535 0.093979
84.746 17.626 0.090941
85.776 17.714 0.088045
86.804 17.799 0.085126
87.832 17.883 0.082966
88.859 17.962 0.080741
89.885 18.04 0.077522
90.91 18.116 0.075537
91.934 18.19 0.07431
92.957 18.261 0.071414
93.979 18.332 0.070015
95 18.401 0.069132
96.021 18.469 0.06746
97.039 18.537 0.066846
98.057 18.604 0.066584
99.074 18.67 0.065244
100.09 18.735 0.064698
101.1 18.799 0.064447
102.12 18.863 0.062785
103.13 18.927 0.063552
104.14 18.99 0.062889
105.15 19.053 0.062227
106.16 19.116 0.062845
107.16 19.178 0.062242
108.17 19.24 0.061604
109.18 19.301 0.061221
110.19 19.362 0.06096
111.2 19.424 0.060436
112.22 19.485 0.060282
113.23 19.545 0.060288
114.24 19.606 0.059496
115.26 19.665 0.059966
116.27 19.725 0.059038
117.29 19.784 0.058246
118.3 19.843 0.058353
119.32 19.9 0.05764
120.34 19.958 0.056771
121.36 20.016 0.057085
122.38 20.074 0.056646
123.4 20.131 0.056096
124.42 20.189 0.056426
125.44 20.247 0.056568
126.47 20.305 0.05703
127.49 20.364 0.056996
128.52 20.424 0.057787
129.54 20.483 0.057974
130.57 20.544 0.058371
131.6 20.604 0.058921
132.62 20.665 0.059324
133.65 20.727 0.059411
134.68 20.789 0.060191
135.72 20.851 0.060632
136.75 20.912 0.059731
137.79 20.974 0.059188
138.82 21.036 0.059665
139.86 21.098 0.059689
140.9 21.161 0.060352
141.94 21.226 0.060682
142.99 21.292 0.062466
144.03 21.361 0.065097
145.07 21.432 0.066674
146.12 21.506 0.069164
147.16 21.581 0.071288
148.21 21.659 0.073046
149.26 21.739 0.074748
150.31 21.82 0.07723
151.36 21.903 0.077817
152.41 21.987 0.079236
153.46 22.071 0.080531
154.51 22.156 0.080667
155.56 22.242 0.080791
156.61 22.327 0.081108
157.66 22.411 0.080762
158.71 22.496 0.080085
159.77 22.581 0.080865
160.82 22.666 0.080804
161.88 22.751 0.080162
162.93 22.836 0.08019
163.99 22.92 0.080205
165.05 23.005 0.079693
166.11 23.089 0.079931
167.17 23.173 0.079761
168.23 23.256 0.078471
169.29 23.34 0.078758
170.35 23.423 0.078471
171.42 23.506 0.077782
172.48 23.589 0.078193
173.55 23.671 0.077568
174.61 23.753 0.077048
175.68 23.834 0.07645
176.75 23.915 0.075914
177.82 23.995 0.07581
178.89 24.075 0.074677
179.96 24.155 0.074845
181.03 24.235 0.074725
182.1 24.314 0.074602
183.17 24.393 0.073916
184.24 24.472 0.073452
185.32 24.55 0.073424
186.39 24.628 0.072536
187.46 24.706 0.072656
188.54 24.782 0.071944
189.61 24.858 0.070983
190.69 24.935 0.071033
191.77 25.01 0.070598
192.85 25.087 0.070308
193.93 25.163 0.070909
195.01 25.239 0.070585
196.09 25.316 0.070475
197.17 25.393 0.071007
198.25 25.472 0.071782
199.33 25.552 0.073577
200.41 25.633 0.074519
201.5 25.713 0.074356
202.58 25.792 0.073515
203.66 25.871 0.073193
204.74 25.949 0.072922
205.82 26.027 0.072064
206.9 26.106 0.072786
207.97 26.185 0.072882
209.05 26.264 0.07325
210.13 26.343 0.073686
211.2 26.423 0.074036
212.27 26.503 0.074461
213.33 26.582 0.074579
214.4 26.66 0.073963
215.46 26.737 0.073406
216.51 26.813 0.072222
217.57 26.888 0.07181
218.61 26.963 0.071372
219.66 27.039 0.071853
220.7 27.114 0.072109
221.73 27.191 0.073212
222.77 27.267 0.073754
223.79 27.343 0.073635
224.82 27.418 0.073577
225.84 27.492 0.073279
226.85 27.565 0.072627
227.86 27.638 0.072277
228.87 27.71 0.071723
229.87 27.782 0.071518
230.87 27.854 0.071987
231.87 27.926 0.071916
232.86 27.998 0.071968
233.85 28.07 0.072628
234.83 28.142 0.073335
235.8 28.212 0.072965
236.76 28.283 0.072747
237.71 28.352 0.073183
238.65 28.42 0.072597
239.57 28.486 0.072458
240.48 28.551 0.071628
241.38 28.613 0.070767
242.26 28.675 0.069963
243.12 28.734 0.069563
243.97 28.792 0.06829
244.8 28.848 0.068707
245.61 28.903 0.06775
246.41 28.956 0.067066
247.19 29.006 0.066039
247.95 29.055 0.064825
248.7 29.1 0.062998
249.43 29.14 0.06015
250.14 29.177 0.056057
250.83 29.208 0.0512
251.5 29.233 0.044701
252.15 29.254 0.038276
252.78 29.269 0.031583
253.38 29.278 0.02391
253.97 29.281 0.014677
253.97 29.281 0.0054435
254.52 29.271 6.2761
255.05 29.255 6.2653
255.56 29.23 6.2521
256.05 29.198 6.2357
256.52 29.159 6.2168
256.98 29.116 6.2021
257.41 29.069 6.1895
257.84 29.016 6.1746
258.24 28.958 6.1589
258.64 28.895 6.143
259.03 28.826 6.1265
259.41 28.752 6.1061
259.78 28.675 6.0912
260.15 28.596 6.0794
260.5 28.513 6.0688
260.85 28.426 6.0562
261.2 28.332 6.0381
261.54 28.233 6.0192
261.88 28.127 5.9993
262.21 28.017 5.9794
262.54 27.904 5.9644
262.87 27.784 5.9507
263.19 27.658 5.9315
263.5 27.524 5.9085
263.82 27.387 5.885
264.13 27.246 5.8693
264.43 27.102 5.8578
264.74 26.954 5.8428
265.04 26.801 5.8287
265.33 26.645 5.8127
265.63 26.486 5.797
265.92 26.324 5.7866
266.21 26.156 5.7766
266.51 25.983 5.7662
266.81 25.804 5.7568
267.11 25.62 5.7466
267.42 25.428 5.7344
267.73 25.231 5.7217
268.04 25.026 5.7144
268.35 24.813 5.7005
268.67 24.591 5.6872
268.99 24.36 5.6756
269.32 24.118 5.6607
269.65 23.868 5.648
269.99 23.608 5.6378
270.33 23.338 5.6264
270.68 23.058 5.6127
271.02 22.767 5.6013
271.37 22.465 5.5827
271.71 22.149 5.565
272.05 21.82 5.5414
272.4 21.477 5.5187
272.73 21.123 5.4958
273.07 20.756 5.4762
273.41 20.376 5.4559
273.73 19.984 5.4346
274.05 19.579 5.408
274.36 19.163 5.3797
274.67 18.734 5.3552
274.97 18.293 5.329
275.26 17.84 5.3043
275.53 17.374 5.2812
275.8 16.895 5.253
276.06 16.404 5.222
276.3 15.901 5.192
276.54 15.386 5.1656
276.76 14.859 5.1425
276.97 14.321 5.1125
277.16 13.774 5.0782
277.33 13.219 5.0466
277.49 12.656 5.0167
277.64 12.085 4.9895
277.77 11.508 4.9633
277.89 10.924 4.936
277.99 10.334 4.9112
278.08 9.7391 4.8866
278.15 9.1379 4.8586
278.21 8.5317 4.8303
278.25 7.92 4.8065
278.28 7.3036 4.7811
278.28 6.6826 4.7539
278.28 6.0571 4.7274
278.25 5.427 4.6997
278.21 4.7935 4.6729
278.15 4.157 4.6454
278.07 3.5184 4.6182
277.98 2.8781 4.5921
277.87 2.2359 4.5655
277.74 1.5926 4.5398
277.59 0.94851 4.513
277.42 0.30619 4.4852
277.23 -0.33519 4.4547
277.02 -0.97565 4.4244
276.8 -1.6153 4.3994
276.56 -2.252 4.3777
276.29 -2.8837 4.3493
276.01 -3.5108 4.3182
275.71 -4.1319 4.2886
275.39 -4.747 4.2593
275.05 -5.3558 4.2309
274.69 -5.9577 4.2034
274.31 -6.5517 4.1755
273.91 -7.1375 4.1467
273.5 -7.7134 4.1177
273.06 -8.2806 4.0866
272.62 -8.8408 4.059
272.15 -9.3949 4.0373
271.68 -9.9395 4.0176
271.18 -10.474 3.9936
270.67 -10.996 3.9667
270.15 -11.508 3.9389
269.61 -12.007 3.915
269.06 -12.494 3.8886
268.49 -12.968 3.862
267.9 -13.427 3.836
267.31 -13.872 3.8087
266.69 -14.3 3.7803
266.07 -14.713 3.7512
265.43 -15.109 3.7247
264.77 -15.488 3.6966
264.11 -15.846 3.6672
263.43 -16.185 3.6355
262.74 -16.502 3.6041
262.04 -16.799 3.573
261.33 -17.075 3.5428
260.61 -17.327 3.5109
259.88 -17.558 3.4786
259.14 -17.766 3.4478
258.39 -17.952 3.4165
257.64 -18.114 3.385
256.88 -18.252 3.3534
256.11 -18.368 3.3216
255.34 -18.459 3.2915
254.56 -18.525 3.2589
253.78 -18.569 3.2269
253 -18.591 3.1975
252.21 -18.59 3.1692
251.42 -18.566 3.1405
250.63 -18.519 3.1108
249.83 -18.448 3.0822
249.04 -18.356 3.0534
248.24 -18.246 3.0265
247.44 -18.118 3.0038
246.64 -17.975 2.9837
245.84 -17.816 2.9642
245.03 -17.644 2.9468
244.22 -17.459 2.9309
243.41 -17.266 2.9172
242.59 -17.067 2.9081
241.77 -16.862 2.9017
240.95 -16.654 2.897
240.12 -16.442 2.8937
239.29 -16.228 2.8913
238.46 -16.011 2.8891
237.62 -15.793 2.887
236.78 -15.573 2.8866
235.93 -15.353 2.8869
235.08 -15.133 2.8878
234.23 -14.913 2.8893
233.36 -14.692 2.8902
232.5 -14.47 2.8905
231.63 -14.248 2.8912
230.75 -14.028 2.8933
229.87 -13.809 2.8963
228.99 -13.592 2.8993
228.1 -13.376 2.9022
227.2 -13.162 2.9051
226.3 -12.95 2.9085
225.4 -12.74 2.9118
224.49 -12.531 2.9146
223.58 -12.325 2.9177
222.66 -12.123 2.9224
221.73 -11.926 2.928
220.8 -11.734 2.9349
219.86 -11.549 2.9428
218.92 -11.37 2.9499
217.98 -11.197 2.9569
217.02 -11.031 2.965
216.06 -10.873 2.9737
215.1 -10.723 2.9829
214.13 -10.582 2.9921
213.16 -10.449 3.0012
212.18 -10.323 3.0101
211.19 -10.206 3.0185
210.21 -10.098 3.0283
209.21 -9.9963 3.0355
208.22 -9.9032 3.044
207.22 -9.8191 3.0527
206.22 -9.7442 3.0626
205.21 -9.6772 3.0714
204.21 -9.6166 3.0786
203.2 -9.5622 3.0844
202.19 -9.5145 3.0912
201.18 -9.4733 3.0974
200.16 -9.4389 3.1044
199.15 -9.4113 3.1109
198.13 -9.3905 3.118
197.11 -9.3757 3.1242
196.1 -9.3667 3.13
195.08 -9.3627 3.1354
194.06 -9.3635 3.1399
193.05 -9.3694 3.1448
192.04 -9.3807 3.1502
191.03 -9.3968 3.1552
190.02 -9.4175 3.1599
189.02 -9.4427 3.1644
188.02 -9.472 3.169
187.02 -9.5051 3.1729
186.03 -9.5418 3.1768
185.05 -9.5815 3.1803
184.06 -9.6249 3.1835
183.09 -9.6715 3.1879
182.11 -9.7211 3.1905
181.14 -9.7737 3.1943
180.17 -9.8291 3.1973
179.21 -9.8869 3.2002
178.25 -9.9476 3.2028
177.3 -10.011 3.2068
176.35 -10.077 3.2092
175.4 -10.145 3.2119
174.46 -10.216 3.2152
173.52 -10.291 3.219
172.59 -10.369 3.2232
171.66 -10.452 3.2277
170.74 -10.538 3.2324
169.82 -10.627 3.2366
168.9 -10.72 3.241
167.99 -10.817 3.2447
167.08 -10.917 3.2494
166.18 -11.021 3.2537
165.27 -11.128 3.2574
164.37 -11.239 3.2618
163.46 -11.354 3.2658
162.56 -11.474 3.2712
161.66 -11.597 3.275
160.76 -11.725 3.2802
159.86 -11.857 3.2848
158.96 -11.993 3.2895
158.06 -12.134 3.2942
157.16 -12.279 3.2988
156.26 -12.427 3.3041
155.36 -12.58 3.3076
154.47 -12.736 3.3116
153.57 -12.896 3.3166
152.68 -13.061 3.3213
151.78 -13.229 3.3254
150.89 -13.4 3.3289
150 -13.575 3.3333
149.1 -13.753 3.3368
148.21 -13.935 3.3407
147.32 -14.12 3.3454
146.43 -14.309 3.349
145.55 -14.5 3.352
144.66 -14.695 3.3553
143.77 -14.892 3.3592
142.89 -15.092 3.3623
142 -15.295 3.3652
141.12 -15.5 3.3679
140.24 -15.708 3.3718
139.36 -15.918 3.3741
138.47 -16.13 3.3767
137.59 -16.345 3.3794
136.72 -16.562 3.3826
135.84 -16.782 3.3853
134.97 -17.005 3.3895
134.1 -17.229 3.3937
133.23 -17.455 3.3949
132.36 -17.682 3.3975
131.5 -17.91 3.3999
130.65 -18.137 3.4009
129.79 -18.365 3.4016
128.94 -18.592 3.4026
128.1 -18.819 3.4029
127.25 -19.046 3.4035
126.41 -19.274 3.4053
125.58 -19.501 3.407
124.74 -19.729 3.4072
123.91 -19.956 3.4078
123.08 -20.182 3.4083
122.26 -20.409 3.4092
121.43 -20.636 3.4106
120.61 -20.863 3.4113
119.8 -21.09 3.4116
118.98 -21.316 3.4123
118.17 -21.543 3.4133
117.36 -21.771 3.4151
116.55 -22 3.4167
115.74 -22.23 3.4186
114.94 -22.461 3.4197
114.13 -22.692 3.4213
113.33 -22.924 3.422
112.53 -23.155 3.4233
111.73 -23.387 3.4233
110.94 -23.618 3.4245
110.15 -23.849 3.425
109.36 -24.079 3.4252
108.58 -24.309 3.4263
107.79 -24.54 3.4283
107.02 -24.769 3.4297
106.25 -24.999 3.4295
105.48 -25.227 3.4299
104.71 -25.456 3.4317
103.95 -25.685 3.4327
103.19 -25.913 3.4338
102.44 -26.141 3.4343
101.68 -26.369 3.4348
100.94 -26.598 3.4371
100.19 -26.828 3.4398
99.453 -27.059 3.4435
98.717 -27.292 3.447
97.985 -27.526 3.4484
97.257 -27.763 3.4536
96.532 -28.002 3.4588
95.812 -28.242 3.4608
95.094 -28.486 3.4669
94.378 -28.733 3.4723
93.663 -28.982 3.4735
92.95 -29.236 3.4794
92.24 -29.495 3.4887
91.532 -29.757 3.4941
90.826 -30.025 3.4995
90.123 -30.298 3.5076
89.424 -30.577 3.5162
88.727 -30.862 3.526
88.034 -31.154 3.5353
87.345 -31.453 3.545
86.661 -31.759 3.556
85.981 -32.075 3.5696
85.305 -32.398 3.5821
84.634 -32.728 3.5934
83.967 -33.066 3.6045
83.305 -33.411 3.6159
82.645 -33.764 3.6284
81.989 -34.125 3.6387
81.337 -34.493 3.6498
80.688 -34.87 3.6616
80.042 -35.254 3.6728
79.4 -35.646 3.6841
78.761 -36.046 3.6949
78.126 -36.453 3.7071
77.494 -36.866 3.7161
76.865 -37.286 3.725
76.241 -37.713 3.7354
75.62 -38.146 3.7465
75.004 -38.587 3.7573
74.391 -39.033 3.7674
73.781 -39.484 3.7743
73.172 -39.938 3.7804
72.565 -40.396 3.7853
71.958 -40.858 3.7905
71.35 -41.324 3.7932
70.743 -41.794 3.7983
70.136 -42.268 3.8025
69.528 -42.747 3.8072
68.92 -43.232 3.8113
68.313 -43.721 3.8171
67.705 -44.216 3.8229
67.096 -44.715 3.8267
66.486 -45.219 3.8287
65.876 -45.727 3.8345
65.267 -46.242 3.8403
64.658 -46.76 3.8452
64.048 -47.281 3.8475
63.439 -47.806 3.8507
62.83 -48.334 3.8541
62.224 -48.866 3.8594
61.618 -49.402 3.8638
61.014 -49.942 3.8684
60.412 -50.485 3.873
59.81 -51.031 3.8772
59.209 -51.581 3.8808
58.609 -52.134 3.8839
58.011 -52.689 3.8883
57.412 -53.248 3.8911
56.816 -53.811 3.895
56.22 -54.376 3.8997
55.625 -54.945 3.9031
55.031 -55.517 3.9063
54.436 -56.093 3.9091
53.842 -56.671 3.9124
53.246 -57.253 3.9139
52.651 -57.837 3.9167
52.055 -58.423 3.9183
51.46 -59.012 3.9204
50.866 -59.602 3.9223
50.272 -60.193 3.9247
49.679 -60.784 3.9253
49.087 -61.374 3.9251
48.497 -61.964 3.9256
47.909 -62.555 3.9282
47.321 -63.145 3.9296
46.735 -63.735 3.9298
46.152 -64.324 3.931
45.571 -64.912 3.9327
44.992 -65.499 3.9326
44.414 -66.082 3.9335
43.84 -66.663 3.9326
43.269 -67.243 3.9331
42.703 -67.821 3.9358
42.139 -68.396 3.9384
41.577 -68.968 3.9369
41.018 -69.538 3.9359
40.462 -70.106 3.9373
39.909 -70.671 3.9383
39.358 -71.234 3.9383
38.806 -71.792 3.9369
38.258 -72.348 3.9332
37.712 -72.902 3.9339
37.168 -73.453 3.9342
36.625 -74.001 3.9338
36.083 -74.544 3.9315
35.541 -75.085 3.9286
34.999 -75.62 3.9256
34.454 -76.15 3.9199
33.908 -76.677 3.9136
33.359 -77.201 3.909
32.808 -77.721 3.9038
32.255 -78.241 3.899
31.701 -78.758 3.8953
31.142 -79.272 3.8923
30.58 -79.784 3.8858
30.015 -80.292 3.8794
29.446 -80.798 3.8742
28.874 -81.3 3.8689
28.297 -81.798 3.8614
27.718 -82.292 3.8546
27.133 -82.782 3.8472
26.544 -83.267 3.8393
25.952 -83.746 3.8305
25.355 -84.22 3.8216
24.753 -84.688 3.8124
24.147 -85.148 3.8021
23.537 -85.6 3.7908
22.923 -86.046 3.7799
22.306 -86.482 3.7695
21.685 -86.908 3.7565
21.06 -87.325 3.7427
20.432 -87.731 3.73
19.801 -88.127 3.716
19.169 -88.514 3.7029
18.534 -88.89 3.69
17.897 -89.255 3.6759
17.257 -89.608 3.6618
16.615 -89.949 3.6461
15.973 -90.282 3.6308
15.329 -90.604 3.6185
14.684 -90.916 3.6058
14.038 -91.216 3.592
13.39 -91.503 3.576
12.743 -91.779 3.5596
12.096 -92.042 3.5444
11.451 -92.292 3.5278
10.807 -92.529 3.5112
10.165 -92.754 3.4948
9.5247 -92.965 3.4785
8.8872 -93.163 3.4603
8.2528 -93.348 3.4424
7.622 -93.519 3.4248
6.9922 -93.676 3.4062
6.361 -93.822 3.3866
5.7276 -93.957 3.369
5.0918 -94.08 3.3506
4.4531 -94.191 3.3325
3.8126 -94.289 3.3139
3.17 -94.376 3.2946
2.5261 -94.451 3.2755
1.8809 -94.514 3.2569
1.2346 -94.565 3.2392
0.58743 -94.605 3.2211
-0.060589 -94.633 3.2034
-0.70921 -94.649 3.1843
-1.3586 -94.654 3.1659
-2.0089 -94.649 3.1499
-2.6601 -94.635 3.1339
-3.3116 -94.609 3.1192
-3.9638 -94.574 3.1029
-4.6165 -94.531 3.0881
-5.2697 -94.478 3.0748
-5.923 -94.416 3.0614
-6.5762 -94.345 3.0469
-7.2297 -94.263 3.0326
-7.8828 -94.173 3.0176
-8.5358 -94.074 3.0049
-9.1886 -93.965 2.9901
-9.8408 -93.847 2.9766
-10.492 -93.719 2.9623
-11.143 -93.581 2.9473
-11.794 -93.435 2.9335
-12.443 -93.281 2.9205
-13.092 -93.118 2.9089
-13.739 -92.946 2.8954
-14.383 -92.763 2.8812
-15.026 -92.569 2.8648
-15.666 -92.366 2.8482
-16.304 -92.152 2.8346
-16.939 -91.928 2.8186
-17.571 -91.692 2.8022
-18.199 -91.447 2.7846
-18.825 -91.191 2.77
-19.446 -90.925 2.7533
-20.063 -90.647 2.7363
-20.677 -90.356 2.7182
-21.286 -90.056 2.699
-21.891 -89.745 2.6837
-22.493 -89.426 2.668
-23.089 -89.093 2.6529
-23.68 -88.75 2.6334
-24.266 -88.395 2.6144
-24.846 -88.029 2.5972
-25.421 -87.653 2.5794
-25.989 -87.265 2.5613
-26.549 -86.865 2.5429
-27.101 -86.453 2.5223
-27.645 -86.029 2.4996
-28.182 -85.595 2.4791
-28.711 -85.15 2.4622
-29.231 -84.693 2.4421
-29.741 -84.225 2.4202
-30.243 -83.746 2.3996
-30.735 -83.258 2.3798
-31.218 -82.759 2.36
-31.69 -82.249 2.34
-32.153 -81.729 2.3184
-32.605 -81.2 2.2976
-33.047 -80.66 2.2777
-33.477 -80.11 2.2566
-33.898 -79.549 2.2348
-34.307 -78.98 2.2144
-34.706 -78.401 2.1945
-35.092 -77.813 2.1738
-35.466 -77.215 2.1521
-35.828 -76.609 2.1299
-36.178 -75.995 2.1093
-36.515 -75.373 2.0888
-36.837 -74.742 2.0661
-37.146 -74.102 2.0425
-37.442 -73.456 2.0212
-37.724 -72.802 2.0007
-37.991 -72.14 1.978
-38.243 -71.471 1.9539
-38.484 -70.794 1.9312
-38.713 -70.112 1.9134
-38.93 -69.422 1.8945
-39.134 -68.727 1.8752
-39.326 -68.025 1.8559
-39.508 -67.318 1.8384
-39.677 -66.606 1.8217
-39.835 -65.888 1.804
-39.983 -65.167 1.7873
-40.121 -64.442 1.7733
-40.25 -63.713 1.7598
-40.369 -62.98 1.7458
-40.478 -62.243 1.7313
-40.578 -61.503 1.7178
-40.669 -60.76 1.7048
-40.75 -60.013 1.6924
-40.822 -59.262 1.6789
-40.887 -58.509 1.667
-40.945 -57.753 1.6565
-40.997 -56.993 1.6477
-41.044 -56.23 1.6392
-41.085 -55.464 1.6318
-41.12 -54.697 1.6243
-41.149 -53.928 1.6166
-41.173 -53.159 1.6088
-41.191 -52.389 1.6015
-41.204 -51.618 1.5944
-41.211 -50.847 1.5872
-41.212 -50.077 1.5801
-41.206 -49.308 1.5721
-41.195 -48.541 1.5635
-41.179 -47.776 1.5564
-41.143 -47.748 1.5498
